(+1 +34 +101 -53 +121 +72 -90 -100 -104 +4 +60 -7 +99 -115 +61 +68 -118 -109 +124 -85 -64 +31 -17 +5 +112 -8 +97 -62 -98 -16 -96 +2 -91 +65 +103 -42 -37 +27 -26 +107 -105 +28 +82 -77 +49 +80 -113 +13 +106 -63 -30 +43 -10 -22 +117 -123 -12 -78 -41 +14 -95 +56 -111 +79 +125 -46 +71 -126 -51 +9 -84 -47 +50 -58 +11 -110 +18 -92 -45 +102 +89 +127 +69 +52 -128 -19 +76 +94 -66 -75 +38 +73 +44 -59 +70 +81 -29 -21 +86 +88 -32 -93 -15 +87 +57 -67 +54 +20 -48 -39 -116 -33 +6 +119 +122 -36 -114 -74 +23 +55 -3 -40 +35 +24 +83 -120 +108 +25)
(+1 -2 +96 +16 +98 +62 -97 +8 -112 -5 +17 -31 +64 +85 -124 +109 +118 -68 -61 +115 -99 +7 -60 -4 +104 +100 +90 -72 -121 +53 -101 -34 -91 +65 +103 -42 -37 +27 -26 +107 -105 +28 +82 -77 +49 +80 -113 +13 +106 -63 -30 +43 -10 -22 +117 -123 -12 -78 -41 +14 -95 +56 -111 +79 +125 -46 +71 -126 -51 +9 -84 -47 +50 -58 +11 -110 +18 -92 -45 +102 +89 +127 +69 +52 -128 -19 +76 +94 -66 -75 +38 +73 +44 -59 +70 +81 -29 -21 +86 +88 -32 -93 -15 +87 +57 -67 +54 +20 -48 -39 -116 -33 +6 +119 +122 -36 -114 -74 +23 +55 -3 -40 +35 +24 +83 -120 +108 +25)
(+1 +2 +96 +16 +98 +62 -97 +8 -112 -5 +17 -31 +64 +85 -124 +109 +118 -68 -61 +115 -99 +7 -60 -4 +104 +100 +90 -72 -121 +53 -101 -34 -91 +65 +103 -42 -37 +27 -26 +107 -105 +28 +82 -77 +49 +80 -113 +13 +106 -63 -30 +43 -10 -22 +117 -123 -12 -78 -41 +14 -95 +56 -111 +79 +125 -46 +71 -126 -51 +9 -84 -47 +50 -58 +11 -110 +18 -92 -45 +102 +89 +127 +69 +52 -128 -19 +76 +94 -66 -75 +38 +73 +44 -59 +70 +81 -29 -21 +86 +88 -32 -93 -15 +87 +57 -67 +54 +20 -48 -39 -116 -33 +6 +119 +122 -36 -114 -74 +23 +55 -3 -40 +35 +24 +83 -120 +108 +25)
(+1 +2 +3 -55 -23 +74 +114 +36 -122 -119 -6 +33 +116 +39 +48 -20 -54 +67 -57 -87 +15 +93 +32 -88 -86 +21 +29 -81 -70 +59 -44 -73 -38 +75 +66 -94 -76 +19 +128 -52 -69 -127 -89 -102 +45 +92 -18 +110 -11 +58 -50 +47 +84 -9 +51 +126 -71 +46 -125 -79 +111 -56 +95 -14 +41 +78 +12 +123 -117 +22 +10 -43 +30 +63 -106 -13 +113 -80 -49 +77 -82 -28 +105 -107 +26 -27 +37 +42 -103 -65 +91 +34 +101 -53 +121 +72 -90 -100 -104 +4 +60 -7 +99 -115 +61 +68 -118 -109 +124 -85 -64 +31 -17 +5 +112 -8 +97 -62 -98 -16 -96 -40 +35 +24 +83 -120 +108 +25)
(+1 +2 +3 -4 +104 +100 +90 -72 -121 +53 -101 -34 -91 +65 +103 -42 -37 +27 -26 +107 -105 +28 +82 -77 +49 +80 -113 +13 +106 -63 -30 +43 -10 -22 +117 -123 -12 -78 -41 +14 -95 +56 -111 +79 +125 -46 +71 -126 -51 +9 -84 -47 +50 -58 +11 -110 +18 -92 -45 +102 +89 +127 +69 +52 -128 -19 +76 +94 -66 -75 +38 +73 +44 -59 +70 +81 -29 -21 +86 +88 -32 -93 -15 +87 +57 -67 +54 +20 -48 -39 -116 -33 +6 +119 +122 -36 -114 -74 +23 +55 +60 -7 +99 -115 +61 +68 -118 -109 +124 -85 -64 +31 -17 +5 +112 -8 +97 -62 -98 -16 -96 -40 +35 +24 +83 -120 +108 +25)
(+1 +2 +3 +4 +104 +100 +90 -72 -121 +53 -101 -34 -91 +65 +103 -42 -37 +27 -26 +107 -105 +28 +82 -77 +49 +80 -113 +13 +106 -63 -30 +43 -10 -22 +117 -123 -12 -78 -41 +14 -95 +56 -111 +79 +125 -46 +71 -126 -51 +9 -84 -47 +50 -58 +11 -110 +18 -92 -45 +102 +89 +127 +69 +52 -128 -19 +76 +94 -66 -75 +38 +73 +44 -59 +70 +81 -29 -21 +86 +88 -32 -93 -15 +87 +57 -67 +54 +20 -48 -39 -116 -33 +6 +119 +122 -36 -114 -74 +23 +55 +60 -7 +99 -115 +61 +68 -118 -109 +124 -85 -64 +31 -17 +5 +112 -8 +97 -62 -98 -16 -96 -40 +35 +24 +83 -120 +108 +25)
(+1 +2 +3 +4 -5 +17 -31 +64 +85 -124 +109 +118 -68 -61 +115 -99 +7 -60 -55 -23 +74 +114 +36 -122 -119 -6 +33 +116 +39 +48 -20 -54 +67 -57 -87 +15 +93 +32 -88 -86 +21 +29 -81 -70 +59 -44 -73 -38 +75 +66 -94 -76 +19 +128 -52 -69 -127 -89 -102 +45 +92 -18 +110 -11 +58 -50 +47 +84 -9 +51 +126 -71 +46 -125 -79 +111 -56 +95 -14 +41 +78 +12 +123 -117 +22 +10 -43 +30 +63 -106 -13 +113 -80 -49 +77 -82 -28 +105 -107 +26 -27 +37 +42 -103 -65 +91 +34 +101 -53 +121 +72 -90 -100 -104 +112 -8 +97 -62 -98 -16 -96 -40 +35 +24 +83 -120 +108 +25)
(+1 +2 +3 +4 +5 +17 -31 +64 +85 -124 +109 +118 -68 -61 +115 -99 +7 -60 -55 -23 +74 +114 +36 -122 -119 -6 +33 +116 +39 +48 -20 -54 +67 -57 -87 +15 +93 +32 -88 -86 +21 +29 -81 -70 +59 -44 -73 -38 +75 +66 -94 -76 +19 +128 -52 -69 -127 -89 -102 +45 +92 -18 +110 -11 +58 -50 +47 +84 -9 +51 +126 -71 +46 -125 -79 +111 -56 +95 -14 +41 +78 +12 +123 -117 +22 +10 -43 +30 +63 -106 -13 +113 -80 -49 +77 -82 -28 +105 -107 +26 -27 +37 +42 -103 -65 +91 +34 +101 -53 +121 +72 -90 -100 -104 +112 -8 +97 -62 -98 -16 -96 -40 +35 +24 +83 -120 +108 +25)
(+1 +2 +3 +4 +5 +6 +119 +122 -36 -114 -74 +23 +55 +60 -7 +99 -115 +61 +68 -118 -109 +124 -85 -64 +31 -17 +33 +116 +39 +48 -20 -54 +67 -57 -87 +15 +93 +32 -88 -86 +21 +29 -81 -70 +59 -44 -73 -38 +75 +66 -94 -76 +19 +128 -52 -69 -127 -89 -102 +45 +92 -18 +110 -11 +58 -50 +47 +84 -9 +51 +126 -71 +46 -125 -79 +111 -56 +95 -14 +41 +78 +12 +123 -117 +22 +10 -43 +30 +63 -106 -13 +113 -80 -49 +77 -82 -28 +105 -107 +26 -27 +37 +42 -103 -65 +91 +34 +101 -53 +121 +72 -90 -100 -104 +112 -8 +97 -62 -98 -16 -96 -40 +35 +24 +83 -120 +108 +25)
(+1 +2 +3 +4 +5 +6 +7 -60 -55 -23 +74 +114 +36 -122 -119 +99 -115 +61 +68 -118 -109 +124 -85 -64 +31 -17 +33 +116 +39 +48 -20 -54 +67 -57 -87 +15 +93 +32 -88 -86 +21 +29 -81 -70 +59 -44 -73 -38 +75 +66 -94 -76 +19 +128 -52 -69 -127 -89 -102 +45 +92 -18 +110 -11 +58 -50 +47 +84 -9 +51 +126 -71 +46 -125 -79 +111 -56 +95 -14 +41 +78 +12 +123 -117 +22 +10 -43 +30 +63 -106 -13 +113 -80 -49 +77 -82 -28 +105 -107 +26 -27 +37 +42 -103 -65 +91 +34 +101 -53 +121 +72 -90 -100 -104 +112 -8 +97 -62 -98 -16 -96 -40 +35 +24 +83 -120 +108 +25)
(+1 +2 +3 +4 +5 +6 +7 +8 -112 +104 +100 +90 -72 -121 +53 -101 -34 -91 +65 +103 -42 -37 +27 -26 +107 -105 +28 +82 -77 +49 +80 -113 +13 +106 -63 -30 +43 -10 -22 +117 -123 -12 -78 -41 +14 -95 +56 -111 +79 +125 -46 +71 -126 -51 +9 -84 -47 +50 -58 +11 -110 +18 -92 -45 +102 +89 +127 +69 +52 -128 -19 +76 +94 -66 -75 +38 +73 +44 -59 +70 +81 -29 -21 +86 +88 -32 -93 -15 +87 +57 -67 +54 +20 -48 -39 -116 -33 +17 -31 +64 +85 -124 +109 +118 -68 -61 +115 -99 +119 +122 -36 -114 -74 +23 +55 +60 +97 -62 -98 -16 -96 -40 +35 +24 +83 -120 +108 +25)
(+1 +2 +3 +4 +5 +6 +7 +8 -9 +51 +126 -71 +46 -125 -79 +111 -56 +95 -14 +41 +78 +12 +123 -117 +22 +10 -43 +30 +63 -106 -13 +113 -80 -49 +77 -82 -28 +105 -107 +26 -27 +37 +42 -103 -65 +91 +34 +101 -53 +121 +72 -90 -100 -104 +112 -84 -47 +50 -58 +11 -110 +18 -92 -45 +102 +89 +127 +69 +52 -128 -19 +76 +94 -66 -75 +38 +73 +44 -59 +70 +81 -29 -21 +86 +88 -32 -93 -15 +87 +57 -67 +54 +20 -48 -39 -116 -33 +17 -31 +64 +85 -124 +109 +118 -68 -61 +115 -99 +119 +122 -36 -114 -74 +23 +55 +60 +97 -62 -98 -16 -96 -40 +35 +24 +83 -120 +108 +25)
(+1 +2 +3 +4 +5 +6 +7 +8 +9 +51 +126 -71 +46 -125 -79 +111 -56 +95 -14 +41 +78 +12 +123 -117 +22 +10 -43 +30 +63 -106 -13 +113 -80 -49 +77 -82 -28 +105 -107 +26 -27 +37 +42 -103 -65 +91 +34 +101 -53 +121 +72 -90 -100 -104 +112 -84 -47 +50 -58 +11 -110 +18 -92 -45 +102 +89 +127 +69 +52 -128 -19 +76 +94 -66 -75 +38 +73 +44 -59 +70 +81 -29 -21 +86 +88 -32 -93 -15 +87 +57 -67 +54 +20 -48 -39 -116 -33 +17 -31 +64 +85 -124 +109 +118 -68 -61 +115 -99 +119 +122 -36 -114 -74 +23 +55 +60 +97 -62 -98 -16 -96 -40 +35 +24 +83 -120 +108 +25)
(+1 +2 +3 +4 +5 +6 +7 +8 +9 -10 -22 +117 -123 -12 -78 -41 +14 -95 +56 -111 +79 +125 -46 +71 -126 -51 -43 +30 +63 -106 -13 +113 -80 -49 +77 -82 -28 +105 -107 +26 -27 +37 +42 -103 -65 +91 +34 +101 -53 +121 +72 -90 -100 -104 +112 -84 -47 +50 -58 +11 -110 +18 -92 -45 +102 +89 +127 +69 +52 -128 -19 +76 +94 -66 -75 +38 +73 +44 -59 +70 +81 -29 -21 +86 +88 -32 -93 -15 +87 +57 -67 +54 +20 -48 -39 -116 -33 +17 -31 +64 +85 -124 +109 +118 -68 -61 +115 -99 +119 +122 -36 -114 -74 +23 +55 +60 +97 -62 -98 -16 -96 -40 +35 +24 +83 -120 +108 +25)
(+1 +2 +3 +4 +5 +6 +7 +8 +9 +10 -22 +117 -123 -12 -78 -41 +14 -95 +56 -111 +79 +125 -46 +71 -126 -51 -43 +30 +63 -106 -13 +113 -80 -49 +77 -82 -28 +105 -107 +26 -27 +37 +42 -103 -65 +91 +34 +101 -53 +121 +72 -90 -100 -104 +112 -84 -47 +50 -58 +11 -110 +18 -92 -45 +102 +89 +127 +69 +52 -128 -19 +76 +94 -66 -75 +38 +73 +44 -59 +70 +81 -29 -21 +86 +88 -32 -93 -15 +87 +57 -67 +54 +20 -48 -39 -116 -33 +17 -31 +64 +85 -124 +109 +118 -68 -61 +115 -99 +119 +122 -36 -114 -74 +23 +55 +60 +97 -62 -98 -16 -96 -40 +35 +24 +83 -120 +108 +25)
(+1 +2 +3 +4 +5 +6 +7 +8 +9 +10 -11 +58 -50 +47 +84 -112 +104 +100 +90 -72 -121 +53 -101 -34 -91 +65 +103 -42 -37 +27 -26 +107 -105 +28 +82 -77 +49 +80 -113 +13 +106 -63 -30 +43 +51 +126 -71 +46 -125 -79 +111 -56 +95 -14 +41 +78 +12 +123 -117 +22 -110 +18 -92 -45 +102 +89 +127 +69 +52 -128 -19 +76 +94 -66 -75 +38 +73 +44 -59 +70 +81 -29 -21 +86 +88 -32 -93 -15 +87 +57 -67 +54 +20 -48 -39 -116 -33 +17 -31 +64 +85 -124 +109 +118 -68 -61 +115 -99 +119 +122 -36 -114 -74 +23 +55 +60 +97 -62 -98 -16 -96 -40 +35 +24 +83 -120 +108 +25)
(+1 +2 +3 +4 +5 +6 +7 +8 +9 +10 +11 +58 -50 +47 +84 -112 +104 +100 +90 -72 -121 +53 -101 -34 -91 +65 +103 -42 -37 +27 -26 +107 -105 +28 +82 -77 +49 +80 -113 +13 +106 -63 -30 +43 +51 +126 -71 +46 -125 -79 +111 -56 +95 -14 +41 +78 +12 +123 -117 +22 -110 +18 -92 -45 +102 +89 +127 +69 +52 -128 -19 +76 +94 -66 -75 +38 +73 +44 -59 +70 +81 -29 -21 +86 +88 -32 -93 -15 +87 +57 -67 +54 +20 -48 -39 -116 -33 +17 -31 +64 +85 -124 +109 +118 -68 -61 +115 -99 +119 +122 -36 -114 -74 +23 +55 +60 +97 -62 -98 -16 -96 -40 +35 +24 +83 -120 +108 +25)
(+1 +2 +3 +4 +5 +6 +7 +8 +9 +10 +11 -12 -78 -41 +14 -95 +56 -111 +79 +125 -46 +71 -126 -51 -43 +30 +63 -106 -13 +113 -80 -49 +77 -82 -28 +105 -107 +26 -27 +37 +42 -103 -65 +91 +34 +101 -53 +121 +72 -90 -100 -104 +112 -84 -47 +50 -58 +123 -117 +22 -110 +18 -92 -45 +102 +89 +127 +69 +52 -128 -19 +76 +94 -66 -75 +38 +73 +44 -59 +70 +81 -29 -21 +86 +88 -32 -93 -15 +87 +57 -67 +54 +20 -48 -39 -116 -33 +17 -31 +64 +85 -124 +109 +118 -68 -61 +115 -99 +119 +122 -36 -114 -74 +23 +55 +60 +97 -62 -98 -16 -96 -40 +35 +24 +83 -120 +108 +25)
(+1 +2 +3 +4 +5 +6 +7 +8 +9 +10 +11 +12 -78 -41 +14 -95 +56 -111 +79 +125 -46 +71 -126 -51 -43 +30 +63 -106 -13 +113 -80 -49 +77 -82 -28 +105 -107 +26 -27 +37 +42 -103 -65 +91 +34 +101 -53 +121 +72 -90 -100 -104 +112 -84 -47 +50 -58 +123 -117 +22 -110 +18 -92 -45 +102 +89 +127 +69 +52 -128 -19 +76 +94 -66 -75 +38 +73 +44 -59 +70 +81 -29 -21 +86 +88 -32 -93 -15 +87 +57 -67 +54 +20 -48 -39 -116 -33 +17 -31 +64 +85 -124 +109 +118 -68 -61 +115 -99 +119 +122 -36 -114 -74 +23 +55 +60 +97 -62 -98 -16 -96 -40 +35 +24 +83 -120 +108 +25)
(+1 +2 +3 +4 +5 +6 +7 +8 +9 +10 +11 +12 +13 +106 -63 -30 +43 +51 +126 -71 +46 -125 -79 +111 -56 +95 -14 +41 +78 +113 -80 -49 +77 -82 -28 +105 -107 +26 -27 +37 +42 -103 -65 +91 +34 +101 -53 +121 +72 -90 -100 -104 +112 -84 -47 +50 -58 +123 -117 +22 -110 +18 -92 -45 +102 +89 +127 +69 +52 -128 -19 +76 +94 -66 -75 +38 +73 +44 -59 +70 +81 -29 -21 +86 +88 -32 -93 -15 +87 +57 -67 +54 +20 -48 -39 -116 -33 +17 -31 +64 +85 -124 +109 +118 -68 -61 +115 -99 +119 +122 -36 -114 -74 +23 +55 +60 +97 -62 -98 -16 -96 -40 +35 +24 +83 -120 +108 +25)
(+1 +2 +3 +4 +5 +6 +7 +8 +9 +10 +11 +12 +13 +14 -95 +56 -111 +79 +125 -46 +71 -126 -51 -43 +30 +63 -106 +41 +78 +113 -80 -49 +77 -82 -28 +105 -107 +26 -27 +37 +42 -103 -65 +91 +34 +101 -53 +121 +72 -90 -100 -104 +112 -84 -47 +50 -58 +123 -117 +22 -110 +18 -92 -45 +102 +89 +127 +69 +52 -128 -19 +76 +94 -66 -75 +38 +73 +44 -59 +70 +81 -29 -21 +86 +88 -32 -93 -15 +87 +57 -67 +54 +20 -48 -39 -116 -33 +17 -31 +64 +85 -124 +109 +118 -68 -61 +115 -99 +119 +122 -36 -114 -74 +23 +55 +60 +97 -62 -98 -16 -96 -40 +35 +24 +83 -120 +108 +25)
(+1 +2 +3 +4 +5 +6 +7 +8 +9 +10 +11 +12 +13 +14 +15 +93 +32 -88 -86 +21 +29 -81 -70 +59 -44 -73 -38 +75 +66 -94 -76 +19 +128 -52 -69 -127 -89 -102 +45 +92 -18 +110 -22 +117 -123 +58 -50 +47 +84 -112 +104 +100 +90 -72 -121 +53 -101 -34 -91 +65 +103 -42 -37 +27 -26 +107 -105 +28 +82 -77 +49 +80 -113 -78 -41 +106 -63 -30 +43 +51 +126 -71 +46 -125 -79 +111 -56 +95 +87 +57 -67 +54 +20 -48 -39 -116 -33 +17 -31 +64 +85 -124 +109 +118 -68 -61 +115 -99 +119 +122 -36 -114 -74 +23 +55 +60 +97 -62 -98 -16 -96 -40 +35 +24 +83 -120 +108 +25)
(+1 +2 +3 +4 +5 +6 +7 +8 +9 +10 +11 +12 +13 +14 +15 +16 +98 +62 -97 -60 -55 -23 +74 +114 +36 -122 -119 +99 -115 +61 +68 -118 -109 +124 -85 -64 +31 -17 +33 +116 +39 +48 -20 -54 +67 -57 -87 -95 +56 -111 +79 +125 -46 +71 -126 -51 -43 +30 +63 -106 +41 +78 +113 -80 -49 +77 -82 -28 +105 -107 +26 -27 +37 +42 -103 -65 +91 +34 +101 -53 +121 +72 -90 -100 -104 +112 -84 -47 +50 -58 +123 -117 +22 -110 +18 -92 -45 +102 +89 +127 +69 +52 -128 -19 +76 +94 -66 -75 +38 +73 +44 -59 +70 +81 -29 -21 +86 +88 -32 -93 -96 -40 +35 +24 +83 -120 +108 +25)
(+1 +2 +3 +4 +5 +6 +7 +8 +9 +10 +11 +12 +13 +14 +15 +16 +17 -31 +64 +85 -124 +109 +118 -68 -61 +115 -99 +119 +122 -36 -114 -74 +23 +55 +60 +97 -62 -98 +33 +116 +39 +48 -20 -54 +67 -57 -87 -95 +56 -111 +79 +125 -46 +71 -126 -51 -43 +30 +63 -106 +41 +78 +113 -80 -49 +77 -82 -28 +105 -107 +26 -27 +37 +42 -103 -65 +91 +34 +101 -53 +121 +72 -90 -100 -104 +112 -84 -47 +50 -58 +123 -117 +22 -110 +18 -92 -45 +102 +89 +127 +69 +52 -128 -19 +76 +94 -66 -75 +38 +73 +44 -59 +70 +81 -29 -21 +86 +88 -32 -93 -96 -40 +35 +24 +83 -120 +108 +25)
(+1 +2 +3 +4 +5 +6 +7 +8 +9 +10 +11 +12 +13 +14 +15 +16 +17 -18 +110 -22 +117 -123 +58 -50 +47 +84 -112 +104 +100 +90 -72 -121 +53 -101 -34 -91 +65 +103 -42 -37 +27 -26 +107 -105 +28 +82 -77 +49 +80 -113 -78 -41 +106 -63 -30 +43 +51 +126 -71 +46 -125 -79 +111 -56 +95 +87 +57 -67 +54 +20 -48 -39 -116 -33 +98 +62 -97 -60 -55 -23 +74 +114 +36 -122 -119 +99 -115 +61 +68 -118 -109 +124 -85 -64 +31 -92 -45 +102 +89 +127 +69 +52 -128 -19 +76 +94 -66 -75 +38 +73 +44 -59 +70 +81 -29 -21 +86 +88 -32 -93 -96 -40 +35 +24 +83 -120 +108 +25)
(+1 +2 +3 +4 +5 +6 +7 +8 +9 +10 +11 +12 +13 +14 +15 +16 +17 +18 +110 -22 +117 -123 +58 -50 +47 +84 -112 +104 +100 +90 -72 -121 +53 -101 -34 -91 +65 +103 -42 -37 +27 -26 +107 -105 +28 +82 -77 +49 +80 -113 -78 -41 +106 -63 -30 +43 +51 +126 -71 +46 -125 -79 +111 -56 +95 +87 +57 -67 +54 +20 -48 -39 -116 -33 +98 +62 -97 -60 -55 -23 +74 +114 +36 -122 -119 +99 -115 +61 +68 -118 -109 +124 -85 -64 +31 -92 -45 +102 +89 +127 +69 +52 -128 -19 +76 +94 -66 -75 +38 +73 +44 -59 +70 +81 -29 -21 +86 +88 -32 -93 -96 -40 +35 +24 +83 -120 +108 +25)
(+1 +2 +3 +4 +5 +6 +7 +8 +9 +10 +11 +12 +13 +14 +15 +16 +17 +18 +19 +128 -52 -69 -127 -89 -102 +45 +92 -31 +64 +85 -124 +109 +118 -68 -61 +115 -99 +119 +122 -36 -114 -74 +23 +55 +60 +97 -62 -98 +33 +116 +39 +48 -20 -54 +67 -57 -87 -95 +56 -111 +79 +125 -46 +71 -126 -51 -43 +30 +63 -106 +41 +78 +113 -80 -49 +77 -82 -28 +105 -107 +26 -27 +37 +42 -103 -65 +91 +34 +101 -53 +121 +72 -90 -100 -104 +112 -84 -47 +50 -58 +123 -117 +22 -110 +76 +94 -66 -75 +38 +73 +44 -59 +70 +81 -29 -21 +86 +88 -32 -93 -96 -40 +35 +24 +83 -120 +108 +25)
(+1 +2 +3 +4 +5 +6 +7 +8 +9 +10 +11 +12 +13 +14 +15 +16 +17 +18 +19 +20 -48 -39 -116 -33 +98 +62 -97 -60 -55 -23 +74 +114 +36 -122 -119 +99 -115 +61 +68 -118 -109 +124 -85 -64 +31 -92 -45 +102 +89 +127 +69 +52 -128 -54 +67 -57 -87 -95 +56 -111 +79 +125 -46 +71 -126 -51 -43 +30 +63 -106 +41 +78 +113 -80 -49 +77 -82 -28 +105 -107 +26 -27 +37 +42 -103 -65 +91 +34 +101 -53 +121 +72 -90 -100 -104 +112 -84 -47 +50 -58 +123 -117 +22 -110 +76 +94 -66 -75 +38 +73 +44 -59 +70 +81 -29 -21 +86 +88 -32 -93 -96 -40 +35 +24 +83 -120 +108 +25)
(+1 +2 +3 +4 +5 +6 +7 +8 +9 +10 +11 +12 +13 +14 +15 +16 +17 +18 +19 +20 +21 +29 -81 -70 +59 -44 -73 -38 +75 +66 -94 -76 +110 -22 +117 -123 +58 -50 +47 +84 -112 +104 +100 +90 -72 -121 +53 -101 -34 -91 +65 +103 -42 -37 +27 -26 +107 -105 +28 +82 -77 +49 +80 -113 -78 -41 +106 -63 -30 +43 +51 +126 -71 +46 -125 -79 +111 -56 +95 +87 +57 -67 +54 +128 -52 -69 -127 -89 -102 +45 +92 -31 +64 +85 -124 +109 +118 -68 -61 +115 -99 +119 +122 -36 -114 -74 +23 +55 +60 +97 -62 -98 +33 +116 +39 +48 +86 +88 -32 -93 -96 -40 +35 +24 +83 -120 +108 +25)
(+1 +2 +3 +4 +5 +6 +7 +8 +9 +10 +11 +12 +13 +14 +15 +16 +17 +18 +19 +20 +21 +22 -110 +76 +94 -66 -75 +38 +73 +44 -59 +70 +81 -29 +117 -123 +58 -50 +47 +84 -112 +104 +100 +90 -72 -121 +53 -101 -34 -91 +65 +103 -42 -37 +27 -26 +107 -105 +28 +82 -77 +49 +80 -113 -78 -41 +106 -63 -30 +43 +51 +126 -71 +46 -125 -79 +111 -56 +95 +87 +57 -67 +54 +128 -52 -69 -127 -89 -102 +45 +92 -31 +64 +85 -124 +109 +118 -68 -61 +115 -99 +119 +122 -36 -114 -74 +23 +55 +60 +97 -62 -98 +33 +116 +39 +48 +86 +88 -32 -93 -96 -40 +35 +24 +83 -120 +108 +25)
(+1 +2 +3 +4 +5 +6 +7 +8 +9 +10 +11 +12 +13 +14 +15 +16 +17 +18 +19 +20 +21 +22 -23 +74 +114 +36 -122 -119 +99 -115 +61 +68 -118 -109 +124 -85 -64 +31 -92 -45 +102 +89 +127 +69 +52 -128 -54 +67 -57 -87 -95 +56 -111 +79 +125 -46 +71 -126 -51 -43 +30 +63 -106 +41 +78 +113 -80 -49 +77 -82 -28 +105 -107 +26 -27 +37 +42 -103 -65 +91 +34 +101 -53 +121 +72 -90 -100 -104 +112 -84 -47 +50 -58 +123 -117 +29 -81 -70 +59 -44 -73 -38 +75 +66 -94 -76 +110 +55 +60 +97 -62 -98 +33 +116 +39 +48 +86 +88 -32 -93 -96 -40 +35 +24 +83 -120 +108 +25)
(+1 +2 +3 +4 +5 +6 +7 +8 +9 +10 +11 +12 +13 +14 +15 +16 +17 +18 +19 +20 +21 +22 +23 +74 +114 +36 -122 -119 +99 -115 +61 +68 -118 -109 +124 -85 -64 +31 -92 -45 +102 +89 +127 +69 +52 -128 -54 +67 -57 -87 -95 +56 -111 +79 +125 -46 +71 -126 -51 -43 +30 +63 -106 +41 +78 +113 -80 -49 +77 -82 -28 +105 -107 +26 -27 +37 +42 -103 -65 +91 +34 +101 -53 +121 +72 -90 -100 -104 +112 -84 -47 +50 -58 +123 -117 +29 -81 -70 +59 -44 -73 -38 +75 +66 -94 -76 +110 +55 +60 +97 -62 -98 +33 +116 +39 +48 +86 +88 -32 -93 -96 -40 +35 +24 +83 -120 +108 +25)
(+1 +2 +3 +4 +5 +6 +7 +8 +9 +10 +11 +12 +13 +14 +15 +16 +17 +18 +19 +20 +21 +22 +23 -24 -35 +40 +96 +93 +32 -88 -86 -48 -39 -116 -33 +98 +62 -97 -60 -55 -110 +76 +94 -66 -75 +38 +73 +44 -59 +70 +81 -29 +117 -123 +58 -50 +47 +84 -112 +104 +100 +90 -72 -121 +53 -101 -34 -91 +65 +103 -42 -37 +27 -26 +107 -105 +28 +82 -77 +49 +80 -113 -78 -41 +106 -63 -30 +43 +51 +126 -71 +46 -125 -79 +111 -56 +95 +87 +57 -67 +54 +128 -52 -69 -127 -89 -102 +45 +92 -31 +64 +85 -124 +109 +118 -68 -61 +115 -99 +119 +122 -36 -114 -74 +83 -120 +108 +25)
(+1 +2 +3 +4 +5 +6 +7 +8 +9 +10 +11 +12 +13 +14 +15 +16 +17 +18 +19 +20 +21 +22 +23 +24 -35 +40 +96 +93 +32 -88 -86 -48 -39 -116 -33 +98 +62 -97 -60 -55 -110 +76 +94 -66 -75 +38 +73 +44 -59 +70 +81 -29 +117 -123 +58 -50 +47 +84 -112 +104 +100 +90 -72 -121 +53 -101 -34 -91 +65 +103 -42 -37 +27 -26 +107 -105 +28 +82 -77 +49 +80 -113 -78 -41 +106 -63 -30 +43 +51 +126 -71 +46 -125 -79 +111 -56 +95 +87 +57 -67 +54 +128 -52 -69 -127 -89 -102 +45 +92 -31 +64 +85 -124 +109 +118 -68 -61 +115 -99 +119 +122 -36 -114 -74 +83 -120 +108 +25)
(+1 +2 +3 +4 +5 +6 +7 +8 +9 +10 +11 +12 +13 +14 +15 +16 +17 +18 +19 +20 +21 +22 +23 +24 -25 -108 +120 -83 +74 +114 +36 -122 -119 +99 -115 +61 +68 -118 -109 +124 -85 -64 +31 -92 -45 +102 +89 +127 +69 +52 -128 -54 +67 -57 -87 -95 +56 -111 +79 +125 -46 +71 -126 -51 -43 +30 +63 -106 +41 +78 +113 -80 -49 +77 -82 -28 +105 -107 +26 -27 +37 +42 -103 -65 +91 +34 +101 -53 +121 +72 -90 -100 -104 +112 -84 -47 +50 -58 +123 -117 +29 -81 -70 +59 -44 -73 -38 +75 +66 -94 -76 +110 +55 +60 +97 -62 -98 +33 +116 +39 +48 +86 +88 -32 -93 -96 -40 +35)
(+1 +2 +3 +4 +5 +6 +7 +8 +9 +10 +11 +12 +13 +14 +15 +16 +17 +18 +19 +20 +21 +22 +23 +24 +25 -108 +120 -83 +74 +114 +36 -122 -119 +99 -115 +61 +68 -118 -109 +124 -85 -64 +31 -92 -45 +102 +89 +127 +69 +52 -128 -54 +67 -57 -87 -95 +56 -111 +79 +125 -46 +71 -126 -51 -43 +30 +63 -106 +41 +78 +113 -80 -49 +77 -82 -28 +105 -107 +26 -27 +37 +42 -103 -65 +91 +34 +101 -53 +121 +72 -90 -100 -104 +112 -84 -47 +50 -58 +123 -117 +29 -81 -70 +59 -44 -73 -38 +75 +66 -94 -76 +110 +55 +60 +97 -62 -98 +33 +116 +39 +48 +86 +88 -32 -93 -96 -40 +35)
(+1 +2 +3 +4 +5 +6 +7 +8 +9 +10 +11 +12 +13 +14 +15 +16 +17 +18 +19 +20 +21 +22 +23 +24 +25 -26 +107 -105 +28 +82 -77 +49 +80 -113 -78 -41 +106 -63 -30 +43 +51 +126 -71 +46 -125 -79 +111 -56 +95 +87 +57 -67 +54 +128 -52 -69 -127 -89 -102 +45 +92 -31 +64 +85 -124 +109 +118 -68 -61 +115 -99 +119 +122 -36 -114 -74 +83 -120 +108 -27 +37 +42 -103 -65 +91 +34 +101 -53 +121 +72 -90 -100 -104 +112 -84 -47 +50 -58 +123 -117 +29 -81 -70 +59 -44 -73 -38 +75 +66 -94 -76 +110 +55 +60 +97 -62 -98 +33 +116 +39 +48 +86 +88 -32 -93 -96 -40 +35)
(+1 +2 +3 +4 +5 +6 +7 +8 +9 +10 +11 +12 +13 +14 +15 +16 +17 +18 +19 +20 +21 +22 +23 +24 +25 +26 +107 -105 +28 +82 -77 +49 +80 -113 -78 -41 +106 -63 -30 +43 +51 +126 -71 +46 -125 -79 +111 -56 +95 +87 +57 -67 +54 +128 -52 -69 -127 -89 -102 +45 +92 -31 +64 +85 -124 +109 +118 -68 -61 +115 -99 +119 +122 -36 -114 -74 +83 -120 +108 -27 +37 +42 -103 -65 +91 +34 +101 -53 +121 +72 -90 -100 -104 +112 -84 -47 +50 -58 +123 -117 +29 -81 -70 +59 -44 -73 -38 +75 +66 -94 -76 +110 +55 +60 +97 -62 -98 +33 +116 +39 +48 +86 +88 -32 -93 -96 -40 +35)
(+1 +2 +3 +4 +5 +6 +7 +8 +9 +10 +11 +12 +13 +14 +15 +16 +17 +18 +19 +20 +21 +22 +23 +24 +25 +26 +27 -108 +120 -83 +74 +114 +36 -122 -119 +99 -115 +61 +68 -118 -109 +124 -85 -64 +31 -92 -45 +102 +89 +127 +69 +52 -128 -54 +67 -57 -87 -95 +56 -111 +79 +125 -46 +71 -126 -51 -43 +30 +63 -106 +41 +78 +113 -80 -49 +77 -82 -28 +105 -107 +37 +42 -103 -65 +91 +34 +101 -53 +121 +72 -90 -100 -104 +112 -84 -47 +50 -58 +123 -117 +29 -81 -70 +59 -44 -73 -38 +75 +66 -94 -76 +110 +55 +60 +97 -62 -98 +33 +116 +39 +48 +86 +88 -32 -93 -96 -40 +35)
(+1 +2 +3 +4 +5 +6 +7 +8 +9 +10 +11 +12 +13 +14 +15 +16 +17 +18 +19 +20 +21 +22 +23 +24 +25 +26 +27 +28 +82 -77 +49 +80 -113 -78 -41 +106 -63 -30 +43 +51 +126 -71 +46 -125 -79 +111 -56 +95 +87 +57 -67 +54 +128 -52 -69 -127 -89 -102 +45 +92 -31 +64 +85 -124 +109 +118 -68 -61 +115 -99 +119 +122 -36 -114 -74 +83 -120 +108 +105 -107 +37 +42 -103 -65 +91 +34 +101 -53 +121 +72 -90 -100 -104 +112 -84 -47 +50 -58 +123 -117 +29 -81 -70 +59 -44 -73 -38 +75 +66 -94 -76 +110 +55 +60 +97 -62 -98 +33 +116 +39 +48 +86 +88 -32 -93 -96 -40 +35)
(+1 +2 +3 +4 +5 +6 +7 +8 +9 +10 +11 +12 +13 +14 +15 +16 +17 +18 +19 +20 +21 +22 +23 +24 +25 +26 +27 +28 -29 +117 -123 +58 -50 +47 +84 -112 +104 +100 +90 -72 -121 +53 -101 -34 -91 +65 +103 -42 -37 +107 -105 -108 +120 -83 +74 +114 +36 -122 -119 +99 -115 +61 +68 -118 -109 +124 -85 -64 +31 -92 -45 +102 +89 +127 +69 +52 -128 -54 +67 -57 -87 -95 +56 -111 +79 +125 -46 +71 -126 -51 -43 +30 +63 -106 +41 +78 +113 -80 -49 +77 -82 -81 -70 +59 -44 -73 -38 +75 +66 -94 -76 +110 +55 +60 +97 -62 -98 +33 +116 +39 +48 +86 +88 -32 -93 -96 -40 +35)
(+1 +2 +3 +4 +5 +6 +7 +8 +9 +10 +11 +12 +13 +14 +15 +16 +17 +18 +19 +20 +21 +22 +23 +24 +25 +26 +27 +28 +29 +117 -123 +58 -50 +47 +84 -112 +104 +100 +90 -72 -121 +53 -101 -34 -91 +65 +103 -42 -37 +107 -105 -108 +120 -83 +74 +114 +36 -122 -119 +99 -115 +61 +68 -118 -109 +124 -85 -64 +31 -92 -45 +102 +89 +127 +69 +52 -128 -54 +67 -57 -87 -95 +56 -111 +79 +125 -46 +71 -126 -51 -43 +30 +63 -106 +41 +78 +113 -80 -49 +77 -82 -81 -70 +59 -44 -73 -38 +75 +66 -94 -76 +110 +55 +60 +97 -62 -98 +33 +116 +39 +48 +86 +88 -32 -93 -96 -40 +35)
(+1 +2 +3 +4 +5 +6 +7 +8 +9 +10 +11 +12 +13 +14 +15 +16 +17 +18 +19 +20 +21 +22 +23 +24 +25 +26 +27 +28 +29 -30 +43 +51 +126 -71 +46 -125 -79 +111 -56 +95 +87 +57 -67 +54 +128 -52 -69 -127 -89 -102 +45 +92 -31 +64 +85 -124 +109 +118 -68 -61 +115 -99 +119 +122 -36 -114 -74 +83 -120 +108 +105 -107 +37 +42 -103 -65 +91 +34 +101 -53 +121 +72 -90 -100 -104 +112 -84 -47 +50 -58 +123 -117 +63 -106 +41 +78 +113 -80 -49 +77 -82 -81 -70 +59 -44 -73 -38 +75 +66 -94 -76 +110 +55 +60 +97 -62 -98 +33 +116 +39 +48 +86 +88 -32 -93 -96 -40 +35)
(+1 +2 +3 +4 +5 +6 +7 +8 +9 +10 +11 +12 +13 +14 +15 +16 +17 +18 +19 +20 +21 +22 +23 +24 +25 +26 +27 +28 +29 +30 +43 +51 +126 -71 +46 -125 -79 +111 -56 +95 +87 +57 -67 +54 +128 -52 -69 -127 -89 -102 +45 +92 -31 +64 +85 -124 +109 +118 -68 -61 +115 -99 +119 +122 -36 -114 -74 +83 -120 +108 +105 -107 +37 +42 -103 -65 +91 +34 +101 -53 +121 +72 -90 -100 -104 +112 -84 -47 +50 -58 +123 -117 +63 -106 +41 +78 +113 -80 -49 +77 -82 -81 -70 +59 -44 -73 -38 +75 +66 -94 -76 +110 +55 +60 +97 -62 -98 +33 +116 +39 +48 +86 +88 -32 -93 -96 -40 +35)
(+1 +2 +3 +4 +5 +6 +7 +8 +9 +10 +11 +12 +13 +14 +15 +16 +17 +18 +19 +20 +21 +22 +23 +24 +25 +26 +27 +28 +29 +30 +31 -92 -45 +102 +89 +127 +69 +52 -128 -54 +67 -57 -87 -95 +56 -111 +79 +125 -46 +71 -126 -51 -43 +64 +85 -124 +109 +118 -68 -61 +115 -99 +119 +122 -36 -114 -74 +83 -120 +108 +105 -107 +37 +42 -103 -65 +91 +34 +101 -53 +121 +72 -90 -100 -104 +112 -84 -47 +50 -58 +123 -117 +63 -106 +41 +78 +113 -80 -49 +77 -82 -81 -70 +59 -44 -73 -38 +75 +66 -94 -76 +110 +55 +60 +97 -62 -98 +33 +116 +39 +48 +86 +88 -32 -93 -96 -40 +35)
(+1 +2 +3 +4 +5 +6 +7 +8 +9 +10 +11 +12 +13 +14 +15 +16 +17 +18 +19 +20 +21 +22 +23 +24 +25 +26 +27 +28 +29 +30 +31 +32 -88 -86 -48 -39 -116 -33 +98 +62 -97 -60 -55 -110 +76 +94 -66 -75 +38 +73 +44 -59 +70 +81 +82 -77 +49 +80 -113 -78 -41 +106 -63 +117 -123 +58 -50 +47 +84 -112 +104 +100 +90 -72 -121 +53 -101 -34 -91 +65 +103 -42 -37 +107 -105 -108 +120 -83 +74 +114 +36 -122 -119 +99 -115 +61 +68 -118 -109 +124 -85 -64 +43 +51 +126 -71 +46 -125 -79 +111 -56 +95 +87 +57 -67 +54 +128 -52 -69 -127 -89 -102 +45 +92 -93 -96 -40 +35)
(+1 +2 +3 +4 +5 +6 +7 +8 +9 +10 +11 +12 +13 +14 +15 +16 +17 +18 +19 +20 +21 +22 +23 +24 +25 +26 +27 +28 +29 +30 +31 +32 +33 +116 +39 +48 +86 +88 +98 +62 -97 -60 -55 -110 +76 +94 -66 -75 +38 +73 +44 -59 +70 +81 +82 -77 +49 +80 -113 -78 -41 +106 -63 +117 -123 +58 -50 +47 +84 -112 +104 +100 +90 -72 -121 +53 -101 -34 -91 +65 +103 -42 -37 +107 -105 -108 +120 -83 +74 +114 +36 -122 -119 +99 -115 +61 +68 -118 -109 +124 -85 -64 +43 +51 +126 -71 +46 -125 -79 +111 -56 +95 +87 +57 -67 +54 +128 -52 -69 -127 -89 -102 +45 +92 -93 -96 -40 +35)
(+1 +2 +3 +4 +5 +6 +7 +8 +9 +10 +11 +12 +13 +14 +15 +16 +17 +18 +19 +20 +21 +22 +23 +24 +25 +26 +27 +28 +29 +30 +31 +32 +33 +34 +101 -53 +121 +72 -90 -100 -104 +112 -84 -47 +50 -58 +123 -117 +63 -106 +41 +78 +113 -80 -49 +77 -82 -81 -70 +59 -44 -73 -38 +75 +66 -94 -76 +110 +55 +60 +97 -62 -98 -88 -86 -48 -39 -116 -91 +65 +103 -42 -37 +107 -105 -108 +120 -83 +74 +114 +36 -122 -119 +99 -115 +61 +68 -118 -109 +124 -85 -64 +43 +51 +126 -71 +46 -125 -79 +111 -56 +95 +87 +57 -67 +54 +128 -52 -69 -127 -89 -102 +45 +92 -93 -96 -40 +35)
(+1 +2 +3 +4 +5 +6 +7 +8 +9 +10 +11 +12 +13 +14 +15 +16 +17 +18 +19 +20 +21 +22 +23 +24 +25 +26 +27 +28 +29 +30 +31 +32 +33 +34 -35 +40 +96 +93 -92 -45 +102 +89 +127 +69 +52 -128 -54 +67 -57 -87 -95 +56 -111 +79 +125 -46 +71 -126 -51 -43 +64 +85 -124 +109 +118 -68 -61 +115 -99 +119 +122 -36 -114 -74 +83 -120 +108 +105 -107 +37 +42 -103 -65 +91 +116 +39 +48 +86 +88 +98 +62 -97 -60 -55 -110 +76 +94 -66 -75 +38 +73 +44 -59 +70 +81 +82 -77 +49 +80 -113 -78 -41 +106 -63 +117 -123 +58 -50 +47 +84 -112 +104 +100 +90 -72 -121 +53 -101)
(+1 +2 +3 +4 +5 +6 +7 +8 +9 +10 +11 +12 +13 +14 +15 +16 +17 +18 +19 +20 +21 +22 +23 +24 +25 +26 +27 +28 +29 +30 +31 +32 +33 +34 +35 +40 +96 +93 -92 -45 +102 +89 +127 +69 +52 -128 -54 +67 -57 -87 -95 +56 -111 +79 +125 -46 +71 -126 -51 -43 +64 +85 -124 +109 +118 -68 -61 +115 -99 +119 +122 -36 -114 -74 +83 -120 +108 +105 -107 +37 +42 -103 -65 +91 +116 +39 +48 +86 +88 +98 +62 -97 -60 -55 -110 +76 +94 -66 -75 +38 +73 +44 -59 +70 +81 +82 -77 +49 +80 -113 -78 -41 +106 -63 +117 -123 +58 -50 +47 +84 -112 +104 +100 +90 -72 -121 +53 -101)
(+1 +2 +3 +4 +5 +6 +7 +8 +9 +10 +11 +12 +13 +14 +15 +16 +17 +18 +19 +20 +21 +22 +23 +24 +25 +26 +27 +28 +29 +30 +31 +32 +33 +34 +35 +36 -122 -119 +99 -115 +61 +68 -118 -109 +124 -85 -64 +43 +51 +126 -71 +46 -125 -79 +111 -56 +95 +87 +57 -67 +54 +128 -52 -69 -127 -89 -102 +45 +92 -93 -96 -40 -114 -74 +83 -120 +108 +105 -107 +37 +42 -103 -65 +91 +116 +39 +48 +86 +88 +98 +62 -97 -60 -55 -110 +76 +94 -66 -75 +38 +73 +44 -59 +70 +81 +82 -77 +49 +80 -113 -78 -41 +106 -63 +117 -123 +58 -50 +47 +84 -112 +104 +100 +90 -72 -121 +53 -101)
(+1 +2 +3 +4 +5 +6 +7 +8 +9 +10 +11 +12 +13 +14 +15 +16 +17 +18 +19 +20 +21 +22 +23 +24 +25 +26 +27 +28 +29 +30 +31 +32 +33 +34 +35 +36 -37 +107 -105 -108 +120 -83 +74 +114 +40 +96 +93 -92 -45 +102 +89 +127 +69 +52 -128 -54 +67 -57 -87 -95 +56 -111 +79 +125 -46 +71 -126 -51 -43 +64 +85 -124 +109 +118 -68 -61 +115 -99 +119 +122 +42 -103 -65 +91 +116 +39 +48 +86 +88 +98 +62 -97 -60 -55 -110 +76 +94 -66 -75 +38 +73 +44 -59 +70 +81 +82 -77 +49 +80 -113 -78 -41 +106 -63 +117 -123 +58 -50 +47 +84 -112 +104 +100 +90 -72 -121 +53 -101)
(+1 +2 +3 +4 +5 +6 +7 +8 +9 +10 +11 +12 +13 +14 +15 +16 +17 +18 +19 +20 +21 +22 +23 +24 +25 +26 +27 +28 +29 +30 +31 +32 +33 +34 +35 +36 +37 +107 -105 -108 +120 -83 +74 +114 +40 +96 +93 -92 -45 +102 +89 +127 +69 +52 -128 -54 +67 -57 -87 -95 +56 -111 +79 +125 -46 +71 -126 -51 -43 +64 +85 -124 +109 +118 -68 -61 +115 -99 +119 +122 +42 -103 -65 +91 +116 +39 +48 +86 +88 +98 +62 -97 -60 -55 -110 +76 +94 -66 -75 +38 +73 +44 -59 +70 +81 +82 -77 +49 +80 -113 -78 -41 +106 -63 +117 -123 +58 -50 +47 +84 -112 +104 +100 +90 -72 -121 +53 -101)
(+1 +2 +3 +4 +5 +6 +7 +8 +9 +10 +11 +12 +13 +14 +15 +16 +17 +18 +19 +20 +21 +22 +23 +24 +25 +26 +27 +28 +29 +30 +31 +32 +33 +34 +35 +36 +37 -38 +75 +66 -94 -76 +110 +55 +60 +97 -62 -98 -88 -86 -48 -39 -116 -91 +65 +103 -42 -122 -119 +99 -115 +61 +68 -118 -109 +124 -85 -64 +43 +51 +126 -71 +46 -125 -79 +111 -56 +95 +87 +57 -67 +54 +128 -52 -69 -127 -89 -102 +45 +92 -93 -96 -40 -114 -74 +83 -120 +108 +105 -107 +73 +44 -59 +70 +81 +82 -77 +49 +80 -113 -78 -41 +106 -63 +117 -123 +58 -50 +47 +84 -112 +104 +100 +90 -72 -121 +53 -101)
(+1 +2 +3 +4 +5 +6 +7 +8 +9 +10 +11 +12 +13 +14 +15 +16 +17 +18 +19 +20 +21 +22 +23 +24 +25 +26 +27 +28 +29 +30 +31 +32 +33 +34 +35 +36 +37 +38 +75 +66 -94 -76 +110 +55 +60 +97 -62 -98 -88 -86 -48 -39 -116 -91 +65 +103 -42 -122 -119 +99 -115 +61 +68 -118 -109 +124 -85 -64 +43 +51 +126 -71 +46 -125 -79 +111 -56 +95 +87 +57 -67 +54 +128 -52 -69 -127 -89 -102 +45 +92 -93 -96 -40 -114 -74 +83 -120 +108 +105 -107 +73 +44 -59 +70 +81 +82 -77 +49 +80 -113 -78 -41 +106 -63 +117 -123 +58 -50 +47 +84 -112 +104 +100 +90 -72 -121 +53 -101)
(+1 +2 +3 +4 +5 +6 +7 +8 +9 +10 +11 +12 +13 +14 +15 +16 +17 +18 +19 +20 +21 +22 +23 +24 +25 +26 +27 +28 +29 +30 +31 +32 +33 +34 +35 +36 +37 +38 +39 +48 +86 +88 +98 +62 -97 -60 -55 -110 +76 +94 -66 -75 -116 -91 +65 +103 -42 -122 -119 +99 -115 +61 +68 -118 -109 +124 -85 -64 +43 +51 +126 -71 +46 -125 -79 +111 -56 +95 +87 +57 -67 +54 +128 -52 -69 -127 -89 -102 +45 +92 -93 -96 -40 -114 -74 +83 -120 +108 +105 -107 +73 +44 -59 +70 +81 +82 -77 +49 +80 -113 -78 -41 +106 -63 +117 -123 +58 -50 +47 +84 -112 +104 +100 +90 -72 -121 +53 -101)
(+1 +2 +3 +4 +5 +6 +7 +8 +9 +10 +11 +12 +13 +14 +15 +16 +17 +18 +19 +20 +21 +22 +23 +24 +25 +26 +27 +28 +29 +30 +31 +32 +33 +34 +35 +36 +37 +38 +39 +40 +96 +93 -92 -45 +102 +89 +127 +69 +52 -128 -54 +67 -57 -87 -95 +56 -111 +79 +125 -46 +71 -126 -51 -43 +64 +85 -124 +109 +118 -68 -61 +115 -99 +119 +122 +42 -103 -65 +91 +116 +75 +66 -94 -76 +110 +55 +60 +97 -62 -98 -88 -86 -48 -114 -74 +83 -120 +108 +105 -107 +73 +44 -59 +70 +81 +82 -77 +49 +80 -113 -78 -41 +106 -63 +117 -123 +58 -50 +47 +84 -112 +104 +100 +90 -72 -121 +53 -101)
(+1 +2 +3 +4 +5 +6 +7 +8 +9 +10 +11 +12 +13 +14 +15 +16 +17 +18 +19 +20 +21 +22 +23 +24 +25 +26 +27 +28 +29 +30 +31 +32 +33 +34 +35 +36 +37 +38 +39 +40 +41 +78 +113 -80 -49 +77 -82 -81 -70 +59 -44 -73 +107 -105 -108 +120 -83 +74 +114 +48 +86 +88 +98 +62 -97 -60 -55 -110 +76 +94 -66 -75 -116 -91 +65 +103 -42 -122 -119 +99 -115 +61 +68 -118 -109 +124 -85 -64 +43 +51 +126 -71 +46 -125 -79 +111 -56 +95 +87 +57 -67 +54 +128 -52 -69 -127 -89 -102 +45 +92 -93 -96 +106 -63 +117 -123 +58 -50 +47 +84 -112 +104 +100 +90 -72 -121 +53 -101)
(+1 +2 +3 +4 +5 +6 +7 +8 +9 +10 +11 +12 +13 +14 +15 +16 +17 +18 +19 +20 +21 +22 +23 +24 +25 +26 +27 +28 +29 +30 +31 +32 +33 +34 +35 +36 +37 +38 +39 +40 +41 +42 -103 -65 +91 +116 +75 +66 -94 -76 +110 +55 +60 +97 -62 -98 -88 -86 -48 -114 -74 +83 -120 +108 +105 -107 +73 +44 -59 +70 +81 +82 -77 +49 +80 -113 -78 -122 -119 +99 -115 +61 +68 -118 -109 +124 -85 -64 +43 +51 +126 -71 +46 -125 -79 +111 -56 +95 +87 +57 -67 +54 +128 -52 -69 -127 -89 -102 +45 +92 -93 -96 +106 -63 +117 -123 +58 -50 +47 +84 -112 +104 +100 +90 -72 -121 +53 -101)
(+1 +2 +3 +4 +5 +6 +7 +8 +9 +10 +11 +12 +13 +14 +15 +16 +17 +18 +19 +20 +21 +22 +23 +24 +25 +26 +27 +28 +29 +30 +31 +32 +33 +34 +35 +36 +37 +38 +39 +40 +41 +42 -43 +64 +85 -124 +109 +118 -68 -61 +115 -99 +119 +122 +78 +113 -80 -49 +77 -82 -81 -70 +59 -44 -73 +107 -105 -108 +120 -83 +74 +114 +48 +86 +88 +98 +62 -97 -60 -55 -110 +76 +94 -66 -75 -116 -91 +65 +103 +51 +126 -71 +46 -125 -79 +111 -56 +95 +87 +57 -67 +54 +128 -52 -69 -127 -89 -102 +45 +92 -93 -96 +106 -63 +117 -123 +58 -50 +47 +84 -112 +104 +100 +90 -72 -121 +53 -101)
(+1 +2 +3 +4 +5 +6 +7 +8 +9 +10 +11 +12 +13 +14 +15 +16 +17 +18 +19 +20 +21 +22 +23 +24 +25 +26 +27 +28 +29 +30 +31 +32 +33 +34 +35 +36 +37 +38 +39 +40 +41 +42 +43 +64 +85 -124 +109 +118 -68 -61 +115 -99 +119 +122 +78 +113 -80 -49 +77 -82 -81 -70 +59 -44 -73 +107 -105 -108 +120 -83 +74 +114 +48 +86 +88 +98 +62 -97 -60 -55 -110 +76 +94 -66 -75 -116 -91 +65 +103 +51 +126 -71 +46 -125 -79 +111 -56 +95 +87 +57 -67 +54 +128 -52 -69 -127 -89 -102 +45 +92 -93 -96 +106 -63 +117 -123 +58 -50 +47 +84 -112 +104 +100 +90 -72 -121 +53 -101)
(+1 +2 +3 +4 +5 +6 +7 +8 +9 +10 +11 +12 +13 +14 +15 +16 +17 +18 +19 +20 +21 +22 +23 +24 +25 +26 +27 +28 +29 +30 +31 +32 +33 +34 +35 +36 +37 +38 +39 +40 +41 +42 +43 +44 -59 +70 +81 +82 -77 +49 +80 -113 -78 -122 -119 +99 -115 +61 +68 -118 -109 +124 -85 -64 -73 +107 -105 -108 +120 -83 +74 +114 +48 +86 +88 +98 +62 -97 -60 -55 -110 +76 +94 -66 -75 -116 -91 +65 +103 +51 +126 -71 +46 -125 -79 +111 -56 +95 +87 +57 -67 +54 +128 -52 -69 -127 -89 -102 +45 +92 -93 -96 +106 -63 +117 -123 +58 -50 +47 +84 -112 +104 +100 +90 -72 -121 +53 -101)
(+1 +2 +3 +4 +5 +6 +7 +8 +9 +10 +11 +12 +13 +14 +15 +16 +17 +18 +19 +20 +21 +22 +23 +24 +25 +26 +27 +28 +29 +30 +31 +32 +33 +34 +35 +36 +37 +38 +39 +40 +41 +42 +43 +44 -45 +102 +89 +127 +69 +52 -128 -54 +67 -57 -87 -95 +56 -111 +79 +125 -46 +71 -126 -51 -103 -65 +91 +116 +75 +66 -94 -76 +110 +55 +60 +97 -62 -98 -88 -86 -48 -114 -74 +83 -120 +108 +105 -107 +73 +64 +85 -124 +109 +118 -68 -61 +115 -99 +119 +122 +78 +113 -80 -49 +77 -82 -81 -70 +59 +92 -93 -96 +106 -63 +117 -123 +58 -50 +47 +84 -112 +104 +100 +90 -72 -121 +53 -101)
(+1 +2 +3 +4 +5 +6 +7 +8 +9 +10 +11 +12 +13 +14 +15 +16 +17 +18 +19 +20 +21 +22 +23 +24 +25 +26 +27 +28 +29 +30 +31 +32 +33 +34 +35 +36 +37 +38 +39 +40 +41 +42 +43 +44 +45 +102 +89 +127 +69 +52 -128 -54 +67 -57 -87 -95 +56 -111 +79 +125 -46 +71 -126 -51 -103 -65 +91 +116 +75 +66 -94 -76 +110 +55 +60 +97 -62 -98 -88 -86 -48 -114 -74 +83 -120 +108 +105 -107 +73 +64 +85 -124 +109 +118 -68 -61 +115 -99 +119 +122 +78 +113 -80 -49 +77 -82 -81 -70 +59 +92 -93 -96 +106 -63 +117 -123 +58 -50 +47 +84 -112 +104 +100 +90 -72 -121 +53 -101)
(+1 +2 +3 +4 +5 +6 +7 +8 +9 +10 +11 +12 +13 +14 +15 +16 +17 +18 +19 +20 +21 +22 +23 +24 +25 +26 +27 +28 +29 +30 +31 +32 +33 +34 +35 +36 +37 +38 +39 +40 +41 +42 +43 +44 +45 +46 -125 -79 +111 -56 +95 +87 +57 -67 +54 +128 -52 -69 -127 -89 -102 +71 -126 -51 -103 -65 +91 +116 +75 +66 -94 -76 +110 +55 +60 +97 -62 -98 -88 -86 -48 -114 -74 +83 -120 +108 +105 -107 +73 +64 +85 -124 +109 +118 -68 -61 +115 -99 +119 +122 +78 +113 -80 -49 +77 -82 -81 -70 +59 +92 -93 -96 +106 -63 +117 -123 +58 -50 +47 +84 -112 +104 +100 +90 -72 -121 +53 -101)
(+1 +2 +3 +4 +5 +6 +7 +8 +9 +10 +11 +12 +13 +14 +15 +16 +17 +18 +19 +20 +21 +22 +23 +24 +25 +26 +27 +28 +29 +30 +31 +32 +33 +34 +35 +36 +37 +38 +39 +40 +41 +42 +43 +44 +45 +46 -47 +50 -58 +123 -117 +63 -106 +96 +93 -92 -59 +70 +81 +82 -77 +49 +80 -113 -78 -122 -119 +99 -115 +61 +68 -118 -109 +124 -85 -64 -73 +107 -105 -108 +120 -83 +74 +114 +48 +86 +88 +98 +62 -97 -60 -55 -110 +76 +94 -66 -75 -116 -91 +65 +103 +51 +126 -71 +102 +89 +127 +69 +52 -128 -54 +67 -57 -87 -95 +56 -111 +79 +125 +84 -112 +104 +100 +90 -72 -121 +53 -101)
(+1 +2 +3 +4 +5 +6 +7 +8 +9 +10 +11 +12 +13 +14 +15 +16 +17 +18 +19 +20 +21 +22 +23 +24 +25 +26 +27 +28 +29 +30 +31 +32 +33 +34 +35 +36 +37 +38 +39 +40 +41 +42 +43 +44 +45 +46 +47 +50 -58 +123 -117 +63 -106 +96 +93 -92 -59 +70 +81 +82 -77 +49 +80 -113 -78 -122 -119 +99 -115 +61 +68 -118 -109 +124 -85 -64 -73 +107 -105 -108 +120 -83 +74 +114 +48 +86 +88 +98 +62 -97 -60 -55 -110 +76 +94 -66 -75 -116 -91 +65 +103 +51 +126 -71 +102 +89 +127 +69 +52 -128 -54 +67 -57 -87 -95 +56 -111 +79 +125 +84 -112 +104 +100 +90 -72 -121 +53 -101)
(+1 +2 +3 +4 +5 +6 +7 +8 +9 +10 +11 +12 +13 +14 +15 +16 +17 +18 +19 +20 +21 +22 +23 +24 +25 +26 +27 +28 +29 +30 +31 +32 +33 +34 +35 +36 +37 +38 +39 +40 +41 +42 +43 +44 +45 +46 +47 -48 -114 -74 +83 -120 +108 +105 -107 +73 +64 +85 -124 +109 +118 -68 -61 +115 -99 +119 +122 +78 +113 -80 -49 +77 -82 -81 -70 +59 +92 -93 -96 +106 -63 +117 -123 +58 -50 +86 +88 +98 +62 -97 -60 -55 -110 +76 +94 -66 -75 -116 -91 +65 +103 +51 +126 -71 +102 +89 +127 +69 +52 -128 -54 +67 -57 -87 -95 +56 -111 +79 +125 +84 -112 +104 +100 +90 -72 -121 +53 -101)
(+1 +2 +3 +4 +5 +6 +7 +8 +9 +10 +11 +12 +13 +14 +15 +16 +17 +18 +19 +20 +21 +22 +23 +24 +25 +26 +27 +28 +29 +30 +31 +32 +33 +34 +35 +36 +37 +38 +39 +40 +41 +42 +43 +44 +45 +46 +47 +48 -114 -74 +83 -120 +108 +105 -107 +73 +64 +85 -124 +109 +118 -68 -61 +115 -99 +119 +122 +78 +113 -80 -49 +77 -82 -81 -70 +59 +92 -93 -96 +106 -63 +117 -123 +58 -50 +86 +88 +98 +62 -97 -60 -55 -110 +76 +94 -66 -75 -116 -91 +65 +103 +51 +126 -71 +102 +89 +127 +69 +52 -128 -54 +67 -57 -87 -95 +56 -111 +79 +125 +84 -112 +104 +100 +90 -72 -121 +53 -101)
(+1 +2 +3 +4 +5 +6 +7 +8 +9 +10 +11 +12 +13 +14 +15 +16 +17 +18 +19 +20 +21 +22 +23 +24 +25 +26 +27 +28 +29 +30 +31 +32 +33 +34 +35 +36 +37 +38 +39 +40 +41 +42 +43 +44 +45 +46 +47 +48 +49 +80 -113 -78 -122 -119 +99 -115 +61 +68 -118 -109 +124 -85 -64 -73 +107 -105 -108 +120 -83 +74 +114 +77 -82 -81 -70 +59 +92 -93 -96 +106 -63 +117 -123 +58 -50 +86 +88 +98 +62 -97 -60 -55 -110 +76 +94 -66 -75 -116 -91 +65 +103 +51 +126 -71 +102 +89 +127 +69 +52 -128 -54 +67 -57 -87 -95 +56 -111 +79 +125 +84 -112 +104 +100 +90 -72 -121 +53 -101)
(+1 +2 +3 +4 +5 +6 +7 +8 +9 +10 +11 +12 +13 +14 +15 +16 +17 +18 +19 +20 +21 +22 +23 +24 +25 +26 +27 +28 +29 +30 +31 +32 +33 +34 +35 +36 +37 +38 +39 +40 +41 +42 +43 +44 +45 +46 +47 +48 +49 +50 -58 +123 -117 +63 -106 +96 +93 -92 -59 +70 +81 +82 -77 -114 -74 +83 -120 +108 +105 -107 +73 +64 +85 -124 +109 +118 -68 -61 +115 -99 +119 +122 +78 +113 -80 +86 +88 +98 +62 -97 -60 -55 -110 +76 +94 -66 -75 -116 -91 +65 +103 +51 +126 -71 +102 +89 +127 +69 +52 -128 -54 +67 -57 -87 -95 +56 -111 +79 +125 +84 -112 +104 +100 +90 -72 -121 +53 -101)
(+1 +2 +3 +4 +5 +6 +7 +8 +9 +10 +11 +12 +13 +14 +15 +16 +17 +18 +19 +20 +21 +22 +23 +24 +25 +26 +27 +28 +29 +30 +31 +32 +33 +34 +35 +36 +37 +38 +39 +40 +41 +42 +43 +44 +45 +46 +47 +48 +49 +50 -51 -103 -65 +91 +116 +75 +66 -94 -76 +110 +55 +60 +97 -62 -98 -88 -86 +80 -113 -78 -122 -119 +99 -115 +61 +68 -118 -109 +124 -85 -64 -73 +107 -105 -108 +120 -83 +74 +114 +77 -82 -81 -70 +59 +92 -93 -96 +106 -63 +117 -123 +58 +126 -71 +102 +89 +127 +69 +52 -128 -54 +67 -57 -87 -95 +56 -111 +79 +125 +84 -112 +104 +100 +90 -72 -121 +53 -101)
(+1 +2 +3 +4 +5 +6 +7 +8 +9 +10 +11 +12 +13 +14 +15 +16 +17 +18 +19 +20 +21 +22 +23 +24 +25 +26 +27 +28 +29 +30 +31 +32 +33 +34 +35 +36 +37 +38 +39 +40 +41 +42 +43 +44 +45 +46 +47 +48 +49 +50 +51 -103 -65 +91 +116 +75 +66 -94 -76 +110 +55 +60 +97 -62 -98 -88 -86 +80 -113 -78 -122 -119 +99 -115 +61 +68 -118 -109 +124 -85 -64 -73 +107 -105 -108 +120 -83 +74 +114 +77 -82 -81 -70 +59 +92 -93 -96 +106 -63 +117 -123 +58 +126 -71 +102 +89 +127 +69 +52 -128 -54 +67 -57 -87 -95 +56 -111 +79 +125 +84 -112 +104 +100 +90 -72 -121 +53 -101)
(+1 +2 +3 +4 +5 +6 +7 +8 +9 +10 +11 +12 +13 +14 +15 +16 +17 +18 +19 +20 +21 +22 +23 +24 +25 +26 +27 +28 +29 +30 +31 +32 +33 +34 +35 +36 +37 +38 +39 +40 +41 +42 +43 +44 +45 +46 +47 +48 +49 +50 +51 -52 -69 -127 -89 -102 +71 -126 -58 +123 -117 +63 -106 +96 +93 -92 -59 +70 +81 +82 -77 -114 -74 +83 -120 +108 +105 -107 +73 +64 +85 -124 +109 +118 -68 -61 +115 -99 +119 +122 +78 +113 -80 +86 +88 +98 +62 -97 -60 -55 -110 +76 +94 -66 -75 -116 -91 +65 +103 -128 -54 +67 -57 -87 -95 +56 -111 +79 +125 +84 -112 +104 +100 +90 -72 -121 +53 -101)
(+1 +2 +3 +4 +5 +6 +7 +8 +9 +10 +11 +12 +13 +14 +15 +16 +17 +18 +19 +20 +21 +22 +23 +24 +25 +26 +27 +28 +29 +30 +31 +32 +33 +34 +35 +36 +37 +38 +39 +40 +41 +42 +43 +44 +45 +46 +47 +48 +49 +50 +51 +52 -69 -127 -89 -102 +71 -126 -58 +123 -117 +63 -106 +96 +93 -92 -59 +70 +81 +82 -77 -114 -74 +83 -120 +108 +105 -107 +73 +64 +85 -124 +109 +118 -68 -61 +115 -99 +119 +122 +78 +113 -80 +86 +88 +98 +62 -97 -60 -55 -110 +76 +94 -66 -75 -116 -91 +65 +103 -128 -54 +67 -57 -87 -95 +56 -111 +79 +125 +84 -112 +104 +100 +90 -72 -121 +53 -101)
(+1 +2 +3 +4 +5 +6 +7 +8 +9 +10 +11 +12 +13 +14 +15 +16 +17 +18 +19 +20 +21 +22 +23 +24 +25 +26 +27 +28 +29 +30 +31 +32 +33 +34 +35 +36 +37 +38 +39 +40 +41 +42 +43 +44 +45 +46 +47 +48 +49 +50 +51 +52 -53 +121 +72 -90 -100 -104 +112 -84 -125 -79 +111 -56 +95 +87 +57 -67 +54 +128 -103 -65 +91 +116 +75 +66 -94 -76 +110 +55 +60 +97 -62 -98 -88 -86 +80 -113 -78 -122 -119 +99 -115 +61 +68 -118 -109 +124 -85 -64 -73 +107 -105 -108 +120 -83 +74 +114 +77 -82 -81 -70 +59 +92 -93 -96 +106 -63 +117 -123 +58 +126 -71 +102 +89 +127 +69 -101)
(+1 +2 +3 +4 +5 +6 +7 +8 +9 +10 +11 +12 +13 +14 +15 +16 +17 +18 +19 +20 +21 +22 +23 +24 +25 +26 +27 +28 +29 +30 +31 +32 +33 +34 +35 +36 +37 +38 +39 +40 +41 +42 +43 +44 +45 +46 +47 +48 +49 +50 +51 +52 +53 +121 +72 -90 -100 -104 +112 -84 -125 -79 +111 -56 +95 +87 +57 -67 +54 +128 -103 -65 +91 +116 +75 +66 -94 -76 +110 +55 +60 +97 -62 -98 -88 -86 +80 -113 -78 -122 -119 +99 -115 +61 +68 -118 -109 +124 -85 -64 -73 +107 -105 -108 +120 -83 +74 +114 +77 -82 -81 -70 +59 +92 -93 -96 +106 -63 +117 -123 +58 +126 -71 +102 +89 +127 +69 -101)
(+1 +2 +3 +4 +5 +6 +7 +8 +9 +10 +11 +12 +13 +14 +15 +16 +17 +18 +19 +20 +21 +22 +23 +24 +25 +26 +27 +28 +29 +30 +31 +32 +33 +34 +35 +36 +37 +38 +39 +40 +41 +42 +43 +44 +45 +46 +47 +48 +49 +50 +51 +52 +53 -54 +67 -57 -87 -95 +56 -111 +79 +125 +84 -112 +104 +100 +90 -72 -121 +128 -103 -65 +91 +116 +75 +66 -94 -76 +110 +55 +60 +97 -62 -98 -88 -86 +80 -113 -78 -122 -119 +99 -115 +61 +68 -118 -109 +124 -85 -64 -73 +107 -105 -108 +120 -83 +74 +114 +77 -82 -81 -70 +59 +92 -93 -96 +106 -63 +117 -123 +58 +126 -71 +102 +89 +127 +69 -101)
(+1 +2 +3 +4 +5 +6 +7 +8 +9 +10 +11 +12 +13 +14 +15 +16 +17 +18 +19 +20 +21 +22 +23 +24 +25 +26 +27 +28 +29 +30 +31 +32 +33 +34 +35 +36 +37 +38 +39 +40 +41 +42 +43 +44 +45 +46 +47 +48 +49 +50 +51 +52 +53 +54 +67 -57 -87 -95 +56 -111 +79 +125 +84 -112 +104 +100 +90 -72 -121 +128 -103 -65 +91 +116 +75 +66 -94 -76 +110 +55 +60 +97 -62 -98 -88 -86 +80 -113 -78 -122 -119 +99 -115 +61 +68 -118 -109 +124 -85 -64 -73 +107 -105 -108 +120 -83 +74 +114 +77 -82 -81 -70 +59 +92 -93 -96 +106 -63 +117 -123 +58 +126 -71 +102 +89 +127 +69 -101)
(+1 +2 +3 +4 +5 +6 +7 +8 +9 +10 +11 +12 +13 +14 +15 +16 +17 +18 +19 +20 +21 +22 +23 +24 +25 +26 +27 +28 +29 +30 +31 +32 +33 +34 +35 +36 +37 +38 +39 +40 +41 +42 +43 +44 +45 +46 +47 +48 +49 +50 +51 +52 +53 +54 -55 -110 +76 +94 -66 -75 -116 -91 +65 +103 -128 +121 +72 -90 -100 -104 +112 -84 -125 -79 +111 -56 +95 +87 +57 -67 +60 +97 -62 -98 -88 -86 +80 -113 -78 -122 -119 +99 -115 +61 +68 -118 -109 +124 -85 -64 -73 +107 -105 -108 +120 -83 +74 +114 +77 -82 -81 -70 +59 +92 -93 -96 +106 -63 +117 -123 +58 +126 -71 +102 +89 +127 +69 -101)
(+1 +2 +3 +4 +5 +6 +7 +8 +9 +10 +11 +12 +13 +14 +15 +16 +17 +18 +19 +20 +21 +22 +23 +24 +25 +26 +27 +28 +29 +30 +31 +32 +33 +34 +35 +36 +37 +38 +39 +40 +41 +42 +43 +44 +45 +46 +47 +48 +49 +50 +51 +52 +53 +54 +55 -110 +76 +94 -66 -75 -116 -91 +65 +103 -128 +121 +72 -90 -100 -104 +112 -84 -125 -79 +111 -56 +95 +87 +57 -67 +60 +97 -62 -98 -88 -86 +80 -113 -78 -122 -119 +99 -115 +61 +68 -118 -109 +124 -85 -64 -73 +107 -105 -108 +120 -83 +74 +114 +77 -82 -81 -70 +59 +92 -93 -96 +106 -63 +117 -123 +58 +126 -71 +102 +89 +127 +69 -101)
(+1 +2 +3 +4 +5 +6 +7 +8 +9 +10 +11 +12 +13 +14 +15 +16 +17 +18 +19 +20 +21 +22 +23 +24 +25 +26 +27 +28 +29 +30 +31 +32 +33 +34 +35 +36 +37 +38 +39 +40 +41 +42 +43 +44 +45 +46 +47 +48 +49 +50 +51 +52 +53 +54 +55 +56 -111 +79 +125 +84 -112 +104 +100 +90 -72 -121 +128 -103 -65 +91 +116 +75 +66 -94 -76 +110 +95 +87 +57 -67 +60 +97 -62 -98 -88 -86 +80 -113 -78 -122 -119 +99 -115 +61 +68 -118 -109 +124 -85 -64 -73 +107 -105 -108 +120 -83 +74 +114 +77 -82 -81 -70 +59 +92 -93 -96 +106 -63 +117 -123 +58 +126 -71 +102 +89 +127 +69 -101)
(+1 +2 +3 +4 +5 +6 +7 +8 +9 +10 +11 +12 +13 +14 +15 +16 +17 +18 +19 +20 +21 +22 +23 +24 +25 +26 +27 +28 +29 +30 +31 +32 +33 +34 +35 +36 +37 +38 +39 +40 +41 +42 +43 +44 +45 +46 +47 +48 +49 +50 +51 +52 +53 +54 +55 +56 -57 -87 -95 -110 +76 +94 -66 -75 -116 -91 +65 +103 -128 +121 +72 -90 -100 -104 +112 -84 -125 -79 +111 -67 +60 +97 -62 -98 -88 -86 +80 -113 -78 -122 -119 +99 -115 +61 +68 -118 -109 +124 -85 -64 -73 +107 -105 -108 +120 -83 +74 +114 +77 -82 -81 -70 +59 +92 -93 -96 +106 -63 +117 -123 +58 +126 -71 +102 +89 +127 +69 -101)
(+1 +2 +3 +4 +5 +6 +7 +8 +9 +10 +11 +12 +13 +14 +15 +16 +17 +18 +19 +20 +21 +22 +23 +24 +25 +26 +27 +28 +29 +30 +31 +32 +33 +34 +35 +36 +37 +38 +39 +40 +41 +42 +43 +44 +45 +46 +47 +48 +49 +50 +51 +52 +53 +54 +55 +56 +57 -87 -95 -110 +76 +94 -66 -75 -116 -91 +65 +103 -128 +121 +72 -90 -100 -104 +112 -84 -125 -79 +111 -67 +60 +97 -62 -98 -88 -86 +80 -113 -78 -122 -119 +99 -115 +61 +68 -118 -109 +124 -85 -64 -73 +107 -105 -108 +120 -83 +74 +114 +77 -82 -81 -70 +59 +92 -93 -96 +106 -63 +117 -123 +58 +126 -71 +102 +89 +127 +69 -101)
(+1 +2 +3 +4 +5 +6 +7 +8 +9 +10 +11 +12 +13 +14 +15 +16 +17 +18 +19 +20 +21 +22 +23 +24 +25 +26 +27 +28 +29 +30 +31 +32 +33 +34 +35 +36 +37 +38 +39 +40 +41 +42 +43 +44 +45 +46 +47 +48 +49 +50 +51 +52 +53 +54 +55 +56 +57 -58 +123 -117 +63 -106 +96 +93 -92 -59 +70 +81 +82 -77 -114 -74 +83 -120 +108 +105 -107 +73 +64 +85 -124 +109 +118 -68 -61 +115 -99 +119 +122 +78 +113 -80 +86 +88 +98 +62 -97 -60 +67 -111 +79 +125 +84 -112 +104 +100 +90 -72 -121 +128 -103 -65 +91 +116 +75 +66 -94 -76 +110 +95 +87 +126 -71 +102 +89 +127 +69 -101)
(+1 +2 +3 +4 +5 +6 +7 +8 +9 +10 +11 +12 +13 +14 +15 +16 +17 +18 +19 +20 +21 +22 +23 +24 +25 +26 +27 +28 +29 +30 +31 +32 +33 +34 +35 +36 +37 +38 +39 +40 +41 +42 +43 +44 +45 +46 +47 +48 +49 +50 +51 +52 +53 +54 +55 +56 +57 +58 +123 -117 +63 -106 +96 +93 -92 -59 +70 +81 +82 -77 -114 -74 +83 -120 +108 +105 -107 +73 +64 +85 -124 +109 +118 -68 -61 +115 -99 +119 +122 +78 +113 -80 +86 +88 +98 +62 -97 -60 +67 -111 +79 +125 +84 -112 +104 +100 +90 -72 -121 +128 -103 -65 +91 +116 +75 +66 -94 -76 +110 +95 +87 +126 -71 +102 +89 +127 +69 -101)
(+1 +2 +3 +4 +5 +6 +7 +8 +9 +10 +11 +12 +13 +14 +15 +16 +17 +18 +19 +20 +21 +22 +23 +24 +25 +26 +27 +28 +29 +30 +31 +32 +33 +34 +35 +36 +37 +38 +39 +40 +41 +42 +43 +44 +45 +46 +47 +48 +49 +50 +51 +52 +53 +54 +55 +56 +57 +58 +59 +92 -93 -96 +106 -63 +117 -123 +70 +81 +82 -77 -114 -74 +83 -120 +108 +105 -107 +73 +64 +85 -124 +109 +118 -68 -61 +115 -99 +119 +122 +78 +113 -80 +86 +88 +98 +62 -97 -60 +67 -111 +79 +125 +84 -112 +104 +100 +90 -72 -121 +128 -103 -65 +91 +116 +75 +66 -94 -76 +110 +95 +87 +126 -71 +102 +89 +127 +69 -101)
(+1 +2 +3 +4 +5 +6 +7 +8 +9 +10 +11 +12 +13 +14 +15 +16 +17 +18 +19 +20 +21 +22 +23 +24 +25 +26 +27 +28 +29 +30 +31 +32 +33 +34 +35 +36 +37 +38 +39 +40 +41 +42 +43 +44 +45 +46 +47 +48 +49 +50 +51 +52 +53 +54 +55 +56 +57 +58 +59 +60 +97 -62 -98 -88 -86 +80 -113 -78 -122 -119 +99 -115 +61 +68 -118 -109 +124 -85 -64 -73 +107 -105 -108 +120 -83 +74 +114 +77 -82 -81 -70 +123 -117 +63 -106 +96 +93 -92 +67 -111 +79 +125 +84 -112 +104 +100 +90 -72 -121 +128 -103 -65 +91 +116 +75 +66 -94 -76 +110 +95 +87 +126 -71 +102 +89 +127 +69 -101)
(+1 +2 +3 +4 +5 +6 +7 +8 +9 +10 +11 +12 +13 +14 +15 +16 +17 +18 +19 +20 +21 +22 +23 +24 +25 +26 +27 +28 +29 +30 +31 +32 +33 +34 +35 +36 +37 +38 +39 +40 +41 +42 +43 +44 +45 +46 +47 +48 +49 +50 +51 +52 +53 +54 +55 +56 +57 +58 +59 +60 -61 +115 -99 +119 +122 +78 +113 -80 +86 +88 +98 +62 -97 +68 -118 -109 +124 -85 -64 -73 +107 -105 -108 +120 -83 +74 +114 +77 -82 -81 -70 +123 -117 +63 -106 +96 +93 -92 +67 -111 +79 +125 +84 -112 +104 +100 +90 -72 -121 +128 -103 -65 +91 +116 +75 +66 -94 -76 +110 +95 +87 +126 -71 +102 +89 +127 +69 -101)
(+1 +2 +3 +4 +5 +6 +7 +8 +9 +10 +11 +12 +13 +14 +15 +16 +17 +18 +19 +20 +21 +22 +23 +24 +25 +26 +27 +28 +29 +30 +31 +32 +33 +34 +35 +36 +37 +38 +39 +40 +41 +42 +43 +44 +45 +46 +47 +48 +49 +50 +51 +52 +53 +54 +55 +56 +57 +58 +59 +60 +61 +115 -99 +119 +122 +78 +113 -80 +86 +88 +98 +62 -97 +68 -118 -109 +124 -85 -64 -73 +107 -105 -108 +120 -83 +74 +114 +77 -82 -81 -70 +123 -117 +63 -106 +96 +93 -92 +67 -111 +79 +125 +84 -112 +104 +100 +90 -72 -121 +128 -103 -65 +91 +116 +75 +66 -94 -76 +110 +95 +87 +126 -71 +102 +89 +127 +69 -101)
(+1 +2 +3 +4 +5 +6 +7 +8 +9 +10 +11 +12 +13 +14 +15 +16 +17 +18 +19 +20 +21 +22 +23 +24 +25 +26 +27 +28 +29 +30 +31 +32 +33 +34 +35 +36 +37 +38 +39 +40 +41 +42 +43 +44 +45 +46 +47 +48 +49 +50 +51 +52 +53 +54 +55 +56 +57 +58 +59 +60 +61 -62 -98 -88 -86 +80 -113 -78 -122 -119 +99 -115 -97 +68 -118 -109 +124 -85 -64 -73 +107 -105 -108 +120 -83 +74 +114 +77 -82 -81 -70 +123 -117 +63 -106 +96 +93 -92 +67 -111 +79 +125 +84 -112 +104 +100 +90 -72 -121 +128 -103 -65 +91 +116 +75 +66 -94 -76 +110 +95 +87 +126 -71 +102 +89 +127 +69 -101)
(+1 +2 +3 +4 +5 +6 +7 +8 +9 +10 +11 +12 +13 +14 +15 +16 +17 +18 +19 +20 +21 +22 +23 +24 +25 +26 +27 +28 +29 +30 +31 +32 +33 +34 +35 +36 +37 +38 +39 +40 +41 +42 +43 +44 +45 +46 +47 +48 +49 +50 +51 +52 +53 +54 +55 +56 +57 +58 +59 +60 +61 +62 -98 -88 -86 +80 -113 -78 -122 -119 +99 -115 -97 +68 -118 -109 +124 -85 -64 -73 +107 -105 -108 +120 -83 +74 +114 +77 -82 -81 -70 +123 -117 +63 -106 +96 +93 -92 +67 -111 +79 +125 +84 -112 +104 +100 +90 -72 -121 +128 -103 -65 +91 +116 +75 +66 -94 -76 +110 +95 +87 +126 -71 +102 +89 +127 +69 -101)
(+1 +2 +3 +4 +5 +6 +7 +8 +9 +10 +11 +12 +13 +14 +15 +16 +17 +18 +19 +20 +21 +22 +23 +24 +25 +26 +27 +28 +29 +30 +31 +32 +33 +34 +35 +36 +37 +38 +39 +40 +41 +42 +43 +44 +45 +46 +47 +48 +49 +50 +51 +52 +53 +54 +55 +56 +57 +58 +59 +60 +61 +62 -63 +117 -123 +70 +81 +82 -77 -114 -74 +83 -120 +108 +105 -107 +73 +64 +85 -124 +109 +118 -68 +97 +115 -99 +119 +122 +78 +113 -80 +86 +88 +98 -106 +96 +93 -92 +67 -111 +79 +125 +84 -112 +104 +100 +90 -72 -121 +128 -103 -65 +91 +116 +75 +66 -94 -76 +110 +95 +87 +126 -71 +102 +89 +127 +69 -101)
(+1 +2 +3 +4 +5 +6 +7 +8 +9 +10 +11 +12 +13 +14 +15 +16 +17 +18 +19 +20 +21 +22 +23 +24 +25 +26 +27 +28 +29 +30 +31 +32 +33 +34 +35 +36 +37 +38 +39 +40 +41 +42 +43 +44 +45 +46 +47 +48 +49 +50 +51 +52 +53 +54 +55 +56 +57 +58 +59 +60 +61 +62 +63 +117 -123 +70 +81 +82 -77 -114 -74 +83 -120 +108 +105 -107 +73 +64 +85 -124 +109 +118 -68 +97 +115 -99 +119 +122 +78 +113 -80 +86 +88 +98 -106 +96 +93 -92 +67 -111 +79 +125 +84 -112 +104 +100 +90 -72 -121 +128 -103 -65 +91 +116 +75 +66 -94 -76 +110 +95 +87 +126 -71 +102 +89 +127 +69 -101)
(+1 +2 +3 +4 +5 +6 +7 +8 +9 +10 +11 +12 +13 +14 +15 +16 +17 +18 +19 +20 +21 +22 +23 +24 +25 +26 +27 +28 +29 +30 +31 +32 +33 +34 +35 +36 +37 +38 +39 +40 +41 +42 +43 +44 +45 +46 +47 +48 +49 +50 +51 +52 +53 +54 +55 +56 +57 +58 +59 +60 +61 +62 +63 -64 -73 +107 -105 -108 +120 -83 +74 +114 +77 -82 -81 -70 +123 -117 +85 -124 +109 +118 -68 +97 +115 -99 +119 +122 +78 +113 -80 +86 +88 +98 -106 +96 +93 -92 +67 -111 +79 +125 +84 -112 +104 +100 +90 -72 -121 +128 -103 -65 +91 +116 +75 +66 -94 -76 +110 +95 +87 +126 -71 +102 +89 +127 +69 -101)
(+1 +2 +3 +4 +5 +6 +7 +8 +9 +10 +11 +12 +13 +14 +15 +16 +17 +18 +19 +20 +21 +22 +23 +24 +25 +26 +27 +28 +29 +30 +31 +32 +33 +34 +35 +36 +37 +38 +39 +40 +41 +42 +43 +44 +45 +46 +47 +48 +49 +50 +51 +52 +53 +54 +55 +56 +57 +58 +59 +60 +61 +62 +63 +64 -73 +107 -105 -108 +120 -83 +74 +114 +77 -82 -81 -70 +123 -117 +85 -124 +109 +118 -68 +97 +115 -99 +119 +122 +78 +113 -80 +86 +88 +98 -106 +96 +93 -92 +67 -111 +79 +125 +84 -112 +104 +100 +90 -72 -121 +128 -103 -65 +91 +116 +75 +66 -94 -76 +110 +95 +87 +126 -71 +102 +89 +127 +69 -101)
(+1 +2 +3 +4 +5 +6 +7 +8 +9 +10 +11 +12 +13 +14 +15 +16 +17 +18 +19 +20 +21 +22 +23 +24 +25 +26 +27 +28 +29 +30 +31 +32 +33 +34 +35 +36 +37 +38 +39 +40 +41 +42 +43 +44 +45 +46 +47 +48 +49 +50 +51 +52 +53 +54 +55 +56 +57 +58 +59 +60 +61 +62 +63 +64 +65 +103 -128 +121 +72 -90 -100 -104 +112 -84 -125 -79 +111 -67 +92 -93 -96 +106 -98 -88 -86 +80 -113 -78 -122 -119 +99 -115 -97 +68 -118 -109 +124 -85 +117 -123 +70 +81 +82 -77 -114 -74 +83 -120 +108 +105 -107 +73 +91 +116 +75 +66 -94 -76 +110 +95 +87 +126 -71 +102 +89 +127 +69 -101)
(+1 +2 +3 +4 +5 +6 +7 +8 +9 +10 +11 +12 +13 +14 +15 +16 +17 +18 +19 +20 +21 +22 +23 +24 +25 +26 +27 +28 +29 +30 +31 +32 +33 +34 +35 +36 +37 +38 +39 +40 +41 +42 +43 +44 +45 +46 +47 +48 +49 +50 +51 +52 +53 +54 +55 +56 +57 +58 +59 +60 +61 +62 +63 +64 +65 -66 -75 -116 -91 -73 +107 -105 -108 +120 -83 +74 +114 +77 -82 -81 -70 +123 -117 +85 -124 +109 +118 -68 +97 +115 -99 +119 +122 +78 +113 -80 +86 +88 +98 -106 +96 +93 -92 +67 -111 +79 +125 +84 -112 +104 +100 +90 -72 -121 +128 -103 -94 -76 +110 +95 +87 +126 -71 +102 +89 +127 +69 -101)
(+1 +2 +3 +4 +5 +6 +7 +8 +9 +10 +11 +12 +13 +14 +15 +16 +17 +18 +19 +20 +21 +22 +23 +24 +25 +26 +27 +28 +29 +30 +31 +32 +33 +34 +35 +36 +37 +38 +39 +40 +41 +42 +43 +44 +45 +46 +47 +48 +49 +50 +51 +52 +53 +54 +55 +56 +57 +58 +59 +60 +61 +62 +63 +64 +65 +66 -75 -116 -91 -73 +107 -105 -108 +120 -83 +74 +114 +77 -82 -81 -70 +123 -117 +85 -124 +109 +118 -68 +97 +115 -99 +119 +122 +78 +113 -80 +86 +88 +98 -106 +96 +93 -92 +67 -111 +79 +125 +84 -112 +104 +100 +90 -72 -121 +128 -103 -94 -76 +110 +95 +87 +126 -71 +102 +89 +127 +69 -101)
(+1 +2 +3 +4 +5 +6 +7 +8 +9 +10 +11 +12 +13 +14 +15 +16 +17 +18 +19 +20 +21 +22 +23 +24 +25 +26 +27 +28 +29 +30 +31 +32 +33 +34 +35 +36 +37 +38 +39 +40 +41 +42 +43 +44 +45 +46 +47 +48 +49 +50 +51 +52 +53 +54 +55 +56 +57 +58 +59 +60 +61 +62 +63 +64 +65 +66 -67 +92 -93 -96 +106 -98 -88 -86 +80 -113 -78 -122 -119 +99 -115 -97 +68 -118 -109 +124 -85 +117 -123 +70 +81 +82 -77 -114 -74 +83 -120 +108 +105 -107 +73 +91 +116 +75 -111 +79 +125 +84 -112 +104 +100 +90 -72 -121 +128 -103 -94 -76 +110 +95 +87 +126 -71 +102 +89 +127 +69 -101)
(+1 +2 +3 +4 +5 +6 +7 +8 +9 +10 +11 +12 +13 +14 +15 +16 +17 +18 +19 +20 +21 +22 +23 +24 +25 +26 +27 +28 +29 +30 +31 +32 +33 +34 +35 +36 +37 +38 +39 +40 +41 +42 +43 +44 +45 +46 +47 +48 +49 +50 +51 +52 +53 +54 +55 +56 +57 +58 +59 +60 +61 +62 +63 +64 +65 +66 +67 +92 -93 -96 +106 -98 -88 -86 +80 -113 -78 -122 -119 +99 -115 -97 +68 -118 -109 +124 -85 +117 -123 +70 +81 +82 -77 -114 -74 +83 -120 +108 +105 -107 +73 +91 +116 +75 -111 +79 +125 +84 -112 +104 +100 +90 -72 -121 +128 -103 -94 -76 +110 +95 +87 +126 -71 +102 +89 +127 +69 -101)
(+1 +2 +3 +4 +5 +6 +7 +8 +9 +10 +11 +12 +13 +14 +15 +16 +17 +18 +19 +20 +21 +22 +23 +24 +25 +26 +27 +28 +29 +30 +31 +32 +33 +34 +35 +36 +37 +38 +39 +40 +41 +42 +43 +44 +45 +46 +47 +48 +49 +50 +51 +52 +53 +54 +55 +56 +57 +58 +59 +60 +61 +62 +63 +64 +65 +66 +67 -68 +97 +115 -99 +119 +122 +78 +113 -80 +86 +88 +98 -106 +96 +93 -92 -118 -109 +124 -85 +117 -123 +70 +81 +82 -77 -114 -74 +83 -120 +108 +105 -107 +73 +91 +116 +75 -111 +79 +125 +84 -112 +104 +100 +90 -72 -121 +128 -103 -94 -76 +110 +95 +87 +126 -71 +102 +89 +127 +69 -101)
(+1 +2 +3 +4 +5 +6 +7 +8 +9 +10 +11 +12 +13 +14 +15 +16 +17 +18 +19 +20 +21 +22 +23 +24 +25 +26 +27 +28 +29 +30 +31 +32 +33 +34 +35 +36 +37 +38 +39 +40 +41 +42 +43 +44 +45 +46 +47 +48 +49 +50 +51 +52 +53 +54 +55 +56 +57 +58 +59 +60 +61 +62 +63 +64 +65 +66 +67 +68 +97 +115 -99 +119 +122 +78 +113 -80 +86 +88 +98 -106 +96 +93 -92 -118 -109 +124 -85 +117 -123 +70 +81 +82 -77 -114 -74 +83 -120 +108 +105 -107 +73 +91 +116 +75 -111 +79 +125 +84 -112 +104 +100 +90 -72 -121 +128 -103 -94 -76 +110 +95 +87 +126 -71 +102 +89 +127 +69 -101)
(+1 +2 +3 +4 +5 +6 +7 +8 +9 +10 +11 +12 +13 +14 +15 +16 +17 +18 +19 +20 +21 +22 +23 +24 +25 +26 +27 +28 +29 +30 +31 +32 +33 +34 +35 +36 +37 +38 +39 +40 +41 +42 +43 +44 +45 +46 +47 +48 +49 +50 +51 +52 +53 +54 +55 +56 +57 +58 +59 +60 +61 +62 +63 +64 +65 +66 +67 +68 -69 -127 -89 -102 +71 -126 -87 -95 -110 +76 +94 +103 -128 +121 +72 -90 -100 -104 +112 -84 -125 -79 +111 -75 -116 -91 -73 +107 -105 -108 +120 -83 +74 +114 +77 -82 -81 -70 +123 -117 +85 -124 +109 +118 +92 -93 -96 +106 -98 -88 -86 +80 -113 -78 -122 -119 +99 -115 -97 -101)
(+1 +2 +3 +4 +5 +6 +7 +8 +9 +10 +11 +12 +13 +14 +15 +16 +17 +18 +19 +20 +21 +22 +23 +24 +25 +26 +27 +28 +29 +30 +31 +32 +33 +34 +35 +36 +37 +38 +39 +40 +41 +42 +43 +44 +45 +46 +47 +48 +49 +50 +51 +52 +53 +54 +55 +56 +57 +58 +59 +60 +61 +62 +63 +64 +65 +66 +67 +68 +69 -127 -89 -102 +71 -126 -87 -95 -110 +76 +94 +103 -128 +121 +72 -90 -100 -104 +112 -84 -125 -79 +111 -75 -116 -91 -73 +107 -105 -108 +120 -83 +74 +114 +77 -82 -81 -70 +123 -117 +85 -124 +109 +118 +92 -93 -96 +106 -98 -88 -86 +80 -113 -78 -122 -119 +99 -115 -97 -101)
(+1 +2 +3 +4 +5 +6 +7 +8 +9 +10 +11 +12 +13 +14 +15 +16 +17 +18 +19 +20 +21 +22 +23 +24 +25 +26 +27 +28 +29 +30 +31 +32 +33 +34 +35 +36 +37 +38 +39 +40 +41 +42 +43 +44 +45 +46 +47 +48 +49 +50 +51 +52 +53 +54 +55 +56 +57 +58 +59 +60 +61 +62 +63 +64 +65 +66 +67 +68 +69 +70 +81 +82 -77 -114 -74 +83 -120 +108 +105 -107 +73 +91 +116 +75 -111 +79 +125 +84 -112 +104 +100 +90 -72 -121 +128 -103 -94 -76 +110 +95 +87 +126 -71 +102 +89 +127 +123 -117 +85 -124 +109 +118 +92 -93 -96 +106 -98 -88 -86 +80 -113 -78 -122 -119 +99 -115 -97 -101)
(+1 +2 +3 +4 +5 +6 +7 +8 +9 +10 +11 +12 +13 +14 +15 +16 +17 +18 +19 +20 +21 +22 +23 +24 +25 +26 +27 +28 +29 +30 +31 +32 +33 +34 +35 +36 +37 +38 +39 +40 +41 +42 +43 +44 +45 +46 +47 +48 +49 +50 +51 +52 +53 +54 +55 +56 +57 +58 +59 +60 +61 +62 +63 +64 +65 +66 +67 +68 +69 +70 +71 -126 -87 -95 -110 +76 +94 +103 -128 +121 +72 -90 -100 -104 +112 -84 -125 -79 +111 -75 -116 -91 -73 +107 -105 -108 +120 -83 +74 +114 +77 -82 -81 +102 +89 +127 +123 -117 +85 -124 +109 +118 +92 -93 -96 +106 -98 -88 -86 +80 -113 -78 -122 -119 +99 -115 -97 -101)
(+1 +2 +3 +4 +5 +6 +7 +8 +9 +10 +11 +12 +13 +14 +15 +16 +17 +18 +19 +20 +21 +22 +23 +24 +25 +26 +27 +28 +29 +30 +31 +32 +33 +34 +35 +36 +37 +38 +39 +40 +41 +42 +43 +44 +45 +46 +47 +48 +49 +50 +51 +52 +53 +54 +55 +56 +57 +58 +59 +60 +61 +62 +63 +64 +65 +66 +67 +68 +69 +70 +71 -72 -121 +128 -103 -94 -76 +110 +95 +87 +126 -90 -100 -104 +112 -84 -125 -79 +111 -75 -116 -91 -73 +107 -105 -108 +120 -83 +74 +114 +77 -82 -81 +102 +89 +127 +123 -117 +85 -124 +109 +118 +92 -93 -96 +106 -98 -88 -86 +80 -113 -78 -122 -119 +99 -115 -97 -101)
(+1 +2 +3 +4 +5 +6 +7 +8 +9 +10 +11 +12 +13 +14 +15 +16 +17 +18 +19 +20 +21 +22 +23 +24 +25 +26 +27 +28 +29 +30 +31 +32 +33 +34 +35 +36 +37 +38 +39 +40 +41 +42 +43 +44 +45 +46 +47 +48 +49 +50 +51 +52 +53 +54 +55 +56 +57 +58 +59 +60 +61 +62 +63 +64 +65 +66 +67 +68 +69 +70 +71 +72 -121 +128 -103 -94 -76 +110 +95 +87 +126 -90 -100 -104 +112 -84 -125 -79 +111 -75 -116 -91 -73 +107 -105 -108 +120 -83 +74 +114 +77 -82 -81 +102 +89 +127 +123 -117 +85 -124 +109 +118 +92 -93 -96 +106 -98 -88 -86 +80 -113 -78 -122 -119 +99 -115 -97 -101)
(+1 +2 +3 +4 +5 +6 +7 +8 +9 +10 +11 +12 +13 +14 +15 +16 +17 +18 +19 +20 +21 +22 +23 +24 +25 +26 +27 +28 +29 +30 +31 +32 +33 +34 +35 +36 +37 +38 +39 +40 +41 +42 +43 +44 +45 +46 +47 +48 +49 +50 +51 +52 +53 +54 +55 +56 +57 +58 +59 +60 +61 +62 +63 +64 +65 +66 +67 +68 +69 +70 +71 +72 +73 +91 +116 +75 -111 +79 +125 +84 -112 +104 +100 +90 -126 -87 -95 -110 +76 +94 +103 -128 +121 +107 -105 -108 +120 -83 +74 +114 +77 -82 -81 +102 +89 +127 +123 -117 +85 -124 +109 +118 +92 -93 -96 +106 -98 -88 -86 +80 -113 -78 -122 -119 +99 -115 -97 -101)
(+1 +2 +3 +4 +5 +6 +7 +8 +9 +10 +11 +12 +13 +14 +15 +16 +17 +18 +19 +20 +21 +22 +23 +24 +25 +26 +27 +28 +29 +30 +31 +32 +33 +34 +35 +36 +37 +38 +39 +40 +41 +42 +43 +44 +45 +46 +47 +48 +49 +50 +51 +52 +53 +54 +55 +56 +57 +58 +59 +60 +61 +62 +63 +64 +65 +66 +67 +68 +69 +70 +71 +72 +73 -74 +83 -120 +108 +105 -107 -121 +128 -103 -94 -76 +110 +95 +87 +126 -90 -100 -104 +112 -84 -125 -79 +111 -75 -116 -91 +114 +77 -82 -81 +102 +89 +127 +123 -117 +85 -124 +109 +118 +92 -93 -96 +106 -98 -88 -86 +80 -113 -78 -122 -119 +99 -115 -97 -101)
(+1 +2 +3 +4 +5 +6 +7 +8 +9 +10 +11 +12 +13 +14 +15 +16 +17 +18 +19 +20 +21 +22 +23 +24 +25 +26 +27 +28 +29 +30 +31 +32 +33 +34 +35 +36 +37 +38 +39 +40 +41 +42 +43 +44 +45 +46 +47 +48 +49 +50 +51 +52 +53 +54 +55 +56 +57 +58 +59 +60 +61 +62 +63 +64 +65 +66 +67 +68 +69 +70 +71 +72 +73 +74 +83 -120 +108 +105 -107 -121 +128 -103 -94 -76 +110 +95 +87 +126 -90 -100 -104 +112 -84 -125 -79 +111 -75 -116 -91 +114 +77 -82 -81 +102 +89 +127 +123 -117 +85 -124 +109 +118 +92 -93 -96 +106 -98 -88 -86 +80 -113 -78 -122 -119 +99 -115 -97 -101)
(+1 +2 +3 +4 +5 +6 +7 +8 +9 +10 +11 +12 +13 +14 +15 +16 +17 +18 +19 +20 +21 +22 +23 +24 +25 +26 +27 +28 +29 +30 +31 +32 +33 +34 +35 +36 +37 +38 +39 +40 +41 +42 +43 +44 +45 +46 +47 +48 +49 +50 +51 +52 +53 +54 +55 +56 +57 +58 +59 +60 +61 +62 +63 +64 +65 +66 +67 +68 +69 +70 +71 +72 +73 +74 +75 -111 +79 +125 +84 -112 +104 +100 +90 -126 -87 -95 -110 +76 +94 +103 -128 +121 +107 -105 -108 +120 -83 -116 -91 +114 +77 -82 -81 +102 +89 +127 +123 -117 +85 -124 +109 +118 +92 -93 -96 +106 -98 -88 -86 +80 -113 -78 -122 -119 +99 -115 -97 -101)
(+1 +2 +3 +4 +5 +6 +7 +8 +9 +10 +11 +12 +13 +14 +15 +16 +17 +18 +19 +20 +21 +22 +23 +24 +25 +26 +27 +28 +29 +30 +31 +32 +33 +34 +35 +36 +37 +38 +39 +40 +41 +42 +43 +44 +45 +46 +47 +48 +49 +50 +51 +52 +53 +54 +55 +56 +57 +58 +59 +60 +61 +62 +63 +64 +65 +66 +67 +68 +69 +70 +71 +72 +73 +74 +75 -76 +110 +95 +87 +126 -90 -100 -104 +112 -84 -125 -79 +111 +94 +103 -128 +121 +107 -105 -108 +120 -83 -116 -91 +114 +77 -82 -81 +102 +89 +127 +123 -117 +85 -124 +109 +118 +92 -93 -96 +106 -98 -88 -86 +80 -113 -78 -122 -119 +99 -115 -97 -101)
(+1 +2 +3 +4 +5 +6 +7 +8 +9 +10 +11 +12 +13 +14 +15 +16 +17 +18 +19 +20 +21 +22 +23 +24 +25 +26 +27 +28 +29 +30 +31 +32 +33 +34 +35 +36 +37 +38 +39 +40 +41 +42 +43 +44 +45 +46 +47 +48 +49 +50 +51 +52 +53 +54 +55 +56 +57 +58 +59 +60 +61 +62 +63 +64 +65 +66 +67 +68 +69 +70 +71 +72 +73 +74 +75 +76 +110 +95 +87 +126 -90 -100 -104 +112 -84 -125 -79 +111 +94 +103 -128 +121 +107 -105 -108 +120 -83 -116 -91 +114 +77 -82 -81 +102 +89 +127 +123 -117 +85 -124 +109 +118 +92 -93 -96 +106 -98 -88 -86 +80 -113 -78 -122 -119 +99 -115 -97 -101)
(+1 +2 +3 +4 +5 +6 +7 +8 +9 +10 +11 +12 +13 +14 +15 +16 +17 +18 +19 +20 +21 +22 +23 +24 +25 +26 +27 +28 +29 +30 +31 +32 +33 +34 +35 +36 +37 +38 +39 +40 +41 +42 +43 +44 +45 +46 +47 +48 +49 +50 +51 +52 +53 +54 +55 +56 +57 +58 +59 +60 +61 +62 +63 +64 +65 +66 +67 +68 +69 +70 +71 +72 +73 +74 +75 +76 -77 -114 +91 +116 +83 -120 +108 +105 -107 -121 +128 -103 -94 -111 +79 +125 +84 -112 +104 +100 +90 -126 -87 -95 -110 -82 -81 +102 +89 +127 +123 -117 +85 -124 +109 +118 +92 -93 -96 +106 -98 -88 -86 +80 -113 -78 -122 -119 +99 -115 -97 -101)
(+1 +2 +3 +4 +5 +6 +7 +8 +9 +10 +11 +12 +13 +14 +15 +16 +17 +18 +19 +20 +21 +22 +23 +24 +25 +26 +27 +28 +29 +30 +31 +32 +33 +34 +35 +36 +37 +38 +39 +40 +41 +42 +43 +44 +45 +46 +47 +48 +49 +50 +51 +52 +53 +54 +55 +56 +57 +58 +59 +60 +61 +62 +63 +64 +65 +66 +67 +68 +69 +70 +71 +72 +73 +74 +75 +76 +77 -114 +91 +116 +83 -120 +108 +105 -107 -121 +128 -103 -94 -111 +79 +125 +84 -112 +104 +100 +90 -126 -87 -95 -110 -82 -81 +102 +89 +127 +123 -117 +85 -124 +109 +118 +92 -93 -96 +106 -98 -88 -86 +80 -113 -78 -122 -119 +99 -115 -97 -101)
(+1 +2 +3 +4 +5 +6 +7 +8 +9 +10 +11 +12 +13 +14 +15 +16 +17 +18 +19 +20 +21 +22 +23 +24 +25 +26 +27 +28 +29 +30 +31 +32 +33 +34 +35 +36 +37 +38 +39 +40 +41 +42 +43 +44 +45 +46 +47 +48 +49 +50 +51 +52 +53 +54 +55 +56 +57 +58 +59 +60 +61 +62 +63 +64 +65 +66 +67 +68 +69 +70 +71 +72 +73 +74 +75 +76 +77 +78 +113 -80 +86 +88 +98 -106 +96 +93 -92 -118 -109 +124 -85 +117 -123 -127 -89 -102 +81 +82 +110 +95 +87 +126 -90 -100 -104 +112 -84 -125 -79 +111 +94 +103 -128 +121 +107 -105 -108 +120 -83 -116 -91 +114 -122 -119 +99 -115 -97 -101)
(+1 +2 +3 +4 +5 +6 +7 +8 +9 +10 +11 +12 +13 +14 +15 +16 +17 +18 +19 +20 +21 +22 +23 +24 +25 +26 +27 +28 +29 +30 +31 +32 +33 +34 +35 +36 +37 +38 +39 +40 +41 +42 +43 +44 +45 +46 +47 +48 +49 +50 +51 +52 +53 +54 +55 +56 +57 +58 +59 +60 +61 +62 +63 +64 +65 +66 +67 +68 +69 +70 +71 +72 +73 +74 +75 +76 +77 +78 +79 +125 +84 -112 +104 +100 +90 -126 -87 -95 -110 -82 -81 +102 +89 +127 +123 -117 +85 -124 +109 +118 +92 -93 -96 +106 -98 -88 -86 +80 -113 +111 +94 +103 -128 +121 +107 -105 -108 +120 -83 -116 -91 +114 -122 -119 +99 -115 -97 -101)
(+1 +2 +3 +4 +5 +6 +7 +8 +9 +10 +11 +12 +13 +14 +15 +16 +17 +18 +19 +20 +21 +22 +23 +24 +25 +26 +27 +28 +29 +30 +31 +32 +33 +34 +35 +36 +37 +38 +39 +40 +41 +42 +43 +44 +45 +46 +47 +48 +49 +50 +51 +52 +53 +54 +55 +56 +57 +58 +59 +60 +61 +62 +63 +64 +65 +66 +67 +68 +69 +70 +71 +72 +73 +74 +75 +76 +77 +78 +79 -80 +86 +88 +98 -106 +96 +93 -92 -118 -109 +124 -85 +117 -123 -127 -89 -102 +81 +82 +110 +95 +87 +126 -90 -100 -104 +112 -84 -125 -113 +111 +94 +103 -128 +121 +107 -105 -108 +120 -83 -116 -91 +114 -122 -119 +99 -115 -97 -101)
(+1 +2 +3 +4 +5 +6 +7 +8 +9 +10 +11 +12 +13 +14 +15 +16 +17 +18 +19 +20 +21 +22 +23 +24 +25 +26 +27 +28 +29 +30 +31 +32 +33 +34 +35 +36 +37 +38 +39 +40 +41 +42 +43 +44 +45 +46 +47 +48 +49 +50 +51 +52 +53 +54 +55 +56 +57 +58 +59 +60 +61 +62 +63 +64 +65 +66 +67 +68 +69 +70 +71 +72 +73 +74 +75 +76 +77 +78 +79 +80 +86 +88 +98 -106 +96 +93 -92 -118 -109 +124 -85 +117 -123 -127 -89 -102 +81 +82 +110 +95 +87 +126 -90 -100 -104 +112 -84 -125 -113 +111 +94 +103 -128 +121 +107 -105 -108 +120 -83 -116 -91 +114 -122 -119 +99 -115 -97 -101)
(+1 +2 +3 +4 +5 +6 +7 +8 +9 +10 +11 +12 +13 +14 +15 +16 +17 +18 +19 +20 +21 +22 +23 +24 +25 +26 +27 +28 +29 +30 +31 +32 +33 +34 +35 +36 +37 +38 +39 +40 +41 +42 +43 +44 +45 +46 +47 +48 +49 +50 +51 +52 +53 +54 +55 +56 +57 +58 +59 +60 +61 +62 +63 +64 +65 +66 +67 +68 +69 +70 +71 +72 +73 +74 +75 +76 +77 +78 +79 +80 -81 +102 +89 +127 +123 -117 +85 -124 +109 +118 +92 -93 -96 +106 -98 -88 -86 +82 +110 +95 +87 +126 -90 -100 -104 +112 -84 -125 -113 +111 +94 +103 -128 +121 +107 -105 -108 +120 -83 -116 -91 +114 -122 -119 +99 -115 -97 -101)
(+1 +2 +3 +4 +5 +6 +7 +8 +9 +10 +11 +12 +13 +14 +15 +16 +17 +18 +19 +20 +21 +22 +23 +24 +25 +26 +27 +28 +29 +30 +31 +32 +33 +34 +35 +36 +37 +38 +39 +40 +41 +42 +43 +44 +45 +46 +47 +48 +49 +50 +51 +52 +53 +54 +55 +56 +57 +58 +59 +60 +61 +62 +63 +64 +65 +66 +67 +68 +69 +70 +71 +72 +73 +74 +75 +76 +77 +78 +79 +80 +81 +102 +89 +127 +123 -117 +85 -124 +109 +118 +92 -93 -96 +106 -98 -88 -86 +82 +110 +95 +87 +126 -90 -100 -104 +112 -84 -125 -113 +111 +94 +103 -128 +121 +107 -105 -108 +120 -83 -116 -91 +114 -122 -119 +99 -115 -97 -101)
(+1 +2 +3 +4 +5 +6 +7 +8 +9 +10 +11 +12 +13 +14 +15 +16 +17 +18 +19 +20 +21 +22 +23 +24 +25 +26 +27 +28 +29 +30 +31 +32 +33 +34 +35 +36 +37 +38 +39 +40 +41 +42 +43 +44 +45 +46 +47 +48 +49 +50 +51 +52 +53 +54 +55 +56 +57 +58 +59 +60 +61 +62 +63 +64 +65 +66 +67 +68 +69 +70 +71 +72 +73 +74 +75 +76 +77 +78 +79 +80 +81 -82 +86 +88 +98 -106 +96 +93 -92 -118 -109 +124 -85 +117 -123 -127 -89 -102 +110 +95 +87 +126 -90 -100 -104 +112 -84 -125 -113 +111 +94 +103 -128 +121 +107 -105 -108 +120 -83 -116 -91 +114 -122 -119 +99 -115 -97 -101)
(+1 +2 +3 +4 +5 +6 +7 +8 +9 +10 +11 +12 +13 +14 +15 +16 +17 +18 +19 +20 +21 +22 +23 +24 +25 +26 +27 +28 +29 +30 +31 +32 +33 +34 +35 +36 +37 +38 +39 +40 +41 +42 +43 +44 +45 +46 +47 +48 +49 +50 +51 +52 +53 +54 +55 +56 +57 +58 +59 +60 +61 +62 +63 +64 +65 +66 +67 +68 +69 +70 +71 +72 +73 +74 +75 +76 +77 +78 +79 +80 +81 +82 +86 +88 +98 -106 +96 +93 -92 -118 -109 +124 -85 +117 -123 -127 -89 -102 +110 +95 +87 +126 -90 -100 -104 +112 -84 -125 -113 +111 +94 +103 -128 +121 +107 -105 -108 +120 -83 -116 -91 +114 -122 -119 +99 -115 -97 -101)
(+1 +2 +3 +4 +5 +6 +7 +8 +9 +10 +11 +12 +13 +14 +15 +16 +17 +18 +19 +20 +21 +22 +23 +24 +25 +26 +27 +28 +29 +30 +31 +32 +33 +34 +35 +36 +37 +38 +39 +40 +41 +42 +43 +44 +45 +46 +47 +48 +49 +50 +51 +52 +53 +54 +55 +56 +57 +58 +59 +60 +61 +62 +63 +64 +65 +66 +67 +68 +69 +70 +71 +72 +73 +74 +75 +76 +77 +78 +79 +80 +81 +82 +83 -120 +108 +105 -107 -121 +128 -103 -94 -111 +113 +125 +84 -112 +104 +100 +90 -126 -87 -95 -110 +102 +89 +127 +123 -117 +85 -124 +109 +118 +92 -93 -96 +106 -98 -88 -86 -116 -91 +114 -122 -119 +99 -115 -97 -101)
(+1 +2 +3 +4 +5 +6 +7 +8 +9 +10 +11 +12 +13 +14 +15 +16 +17 +18 +19 +20 +21 +22 +23 +24 +25 +26 +27 +28 +29 +30 +31 +32 +33 +34 +35 +36 +37 +38 +39 +40 +41 +42 +43 +44 +45 +46 +47 +48 +49 +50 +51 +52 +53 +54 +55 +56 +57 +58 +59 +60 +61 +62 +63 +64 +65 +66 +67 +68 +69 +70 +71 +72 +73 +74 +75 +76 +77 +78 +79 +80 +81 +82 +83 -84 -125 -113 +111 +94 +103 -128 +121 +107 -105 -108 +120 -112 +104 +100 +90 -126 -87 -95 -110 +102 +89 +127 +123 -117 +85 -124 +109 +118 +92 -93 -96 +106 -98 -88 -86 -116 -91 +114 -122 -119 +99 -115 -97 -101)
(+1 +2 +3 +4 +5 +6 +7 +8 +9 +10 +11 +12 +13 +14 +15 +16 +17 +18 +19 +20 +21 +22 +23 +24 +25 +26 +27 +28 +29 +30 +31 +32 +33 +34 +35 +36 +37 +38 +39 +40 +41 +42 +43 +44 +45 +46 +47 +48 +49 +50 +51 +52 +53 +54 +55 +56 +57 +58 +59 +60 +61 +62 +63 +64 +65 +66 +67 +68 +69 +70 +71 +72 +73 +74 +75 +76 +77 +78 +79 +80 +81 +82 +83 +84 -125 -113 +111 +94 +103 -128 +121 +107 -105 -108 +120 -112 +104 +100 +90 -126 -87 -95 -110 +102 +89 +127 +123 -117 +85 -124 +109 +118 +92 -93 -96 +106 -98 -88 -86 -116 -91 +114 -122 -119 +99 -115 -97 -101)
(+1 +2 +3 +4 +5 +6 +7 +8 +9 +10 +11 +12 +13 +14 +15 +16 +17 +18 +19 +20 +21 +22 +23 +24 +25 +26 +27 +28 +29 +30 +31 +32 +33 +34 +35 +36 +37 +38 +39 +40 +41 +42 +43 +44 +45 +46 +47 +48 +49 +50 +51 +52 +53 +54 +55 +56 +57 +58 +59 +60 +61 +62 +63 +64 +65 +66 +67 +68 +69 +70 +71 +72 +73 +74 +75 +76 +77 +78 +79 +80 +81 +82 +83 +84 -85 +117 -123 -127 -89 -102 +110 +95 +87 +126 -90 -100 -104 +112 -120 +108 +105 -107 -121 +128 -103 -94 -111 +113 +125 -124 +109 +118 +92 -93 -96 +106 -98 -88 -86 -116 -91 +114 -122 -119 +99 -115 -97 -101)
(+1 +2 +3 +4 +5 +6 +7 +8 +9 +10 +11 +12 +13 +14 +15 +16 +17 +18 +19 +20 +21 +22 +23 +24 +25 +26 +27 +28 +29 +30 +31 +32 +33 +34 +35 +36 +37 +38 +39 +40 +41 +42 +43 +44 +45 +46 +47 +48 +49 +50 +51 +52 +53 +54 +55 +56 +57 +58 +59 +60 +61 +62 +63 +64 +65 +66 +67 +68 +69 +70 +71 +72 +73 +74 +75 +76 +77 +78 +79 +80 +81 +82 +83 +84 +85 +117 -123 -127 -89 -102 +110 +95 +87 +126 -90 -100 -104 +112 -120 +108 +105 -107 -121 +128 -103 -94 -111 +113 +125 -124 +109 +118 +92 -93 -96 +106 -98 -88 -86 -116 -91 +114 -122 -119 +99 -115 -97 -101)
(+1 +2 +3 +4 +5 +6 +7 +8 +9 +10 +11 +12 +13 +14 +15 +16 +17 +18 +19 +20 +21 +22 +23 +24 +25 +26 +27 +28 +29 +30 +31 +32 +33 +34 +35 +36 +37 +38 +39 +40 +41 +42 +43 +44 +45 +46 +47 +48 +49 +50 +51 +52 +53 +54 +55 +56 +57 +58 +59 +60 +61 +62 +63 +64 +65 +66 +67 +68 +69 +70 +71 +72 +73 +74 +75 +76 +77 +78 +79 +80 +81 +82 +83 +84 +85 +86 +88 +98 -106 +96 +93 -92 -118 -109 +124 -125 -113 +111 +94 +103 -128 +121 +107 -105 -108 +120 -112 +104 +100 +90 -126 -87 -95 -110 +102 +89 +127 +123 -117 -116 -91 +114 -122 -119 +99 -115 -97 -101)
(+1 +2 +3 +4 +5 +6 +7 +8 +9 +10 +11 +12 +13 +14 +15 +16 +17 +18 +19 +20 +21 +22 +23 +24 +25 +26 +27 +28 +29 +30 +31 +32 +33 +34 +35 +36 +37 +38 +39 +40 +41 +42 +43 +44 +45 +46 +47 +48 +49 +50 +51 +52 +53 +54 +55 +56 +57 +58 +59 +60 +61 +62 +63 +64 +65 +66 +67 +68 +69 +70 +71 +72 +73 +74 +75 +76 +77 +78 +79 +80 +81 +82 +83 +84 +85 +86 +87 +126 -90 -100 -104 +112 -120 +108 +105 -107 -121 +128 -103 -94 -111 +113 +125 -124 +109 +118 +92 -93 -96 +106 -98 -88 -95 -110 +102 +89 +127 +123 -117 -116 -91 +114 -122 -119 +99 -115 -97 -101)
(+1 +2 +3 +4 +5 +6 +7 +8 +9 +10 +11 +12 +13 +14 +15 +16 +17 +18 +19 +20 +21 +22 +23 +24 +25 +26 +27 +28 +29 +30 +31 +32 +33 +34 +35 +36 +37 +38 +39 +40 +41 +42 +43 +44 +45 +46 +47 +48 +49 +50 +51 +52 +53 +54 +55 +56 +57 +58 +59 +60 +61 +62 +63 +64 +65 +66 +67 +68 +69 +70 +71 +72 +73 +74 +75 +76 +77 +78 +79 +80 +81 +82 +83 +84 +85 +86 +87 +88 +98 -106 +96 +93 -92 -118 -109 +124 -125 -113 +111 +94 +103 -128 +121 +107 -105 -108 +120 -112 +104 +100 +90 -126 -95 -110 +102 +89 +127 +123 -117 -116 -91 +114 -122 -119 +99 -115 -97 -101)
(+1 +2 +3 +4 +5 +6 +7 +8 +9 +10 +11 +12 +13 +14 +15 +16 +17 +18 +19 +20 +21 +22 +23 +24 +25 +26 +27 +28 +29 +30 +31 +32 +33 +34 +35 +36 +37 +38 +39 +40 +41 +42 +43 +44 +45 +46 +47 +48 +49 +50 +51 +52 +53 +54 +55 +56 +57 +58 +59 +60 +61 +62 +63 +64 +65 +66 +67 +68 +69 +70 +71 +72 +73 +74 +75 +76 +77 +78 +79 +80 +81 +82 +83 +84 +85 +86 +87 +88 -89 -102 +110 +95 +126 -90 -100 -104 +112 -120 +108 +105 -107 -121 +128 -103 -94 -111 +113 +125 -124 +109 +118 +92 -93 -96 +106 -98 +127 +123 -117 -116 -91 +114 -122 -119 +99 -115 -97 -101)
(+1 +2 +3 +4 +5 +6 +7 +8 +9 +10 +11 +12 +13 +14 +15 +16 +17 +18 +19 +20 +21 +22 +23 +24 +25 +26 +27 +28 +29 +30 +31 +32 +33 +34 +35 +36 +37 +38 +39 +40 +41 +42 +43 +44 +45 +46 +47 +48 +49 +50 +51 +52 +53 +54 +55 +56 +57 +58 +59 +60 +61 +62 +63 +64 +65 +66 +67 +68 +69 +70 +71 +72 +73 +74 +75 +76 +77 +78 +79 +80 +81 +82 +83 +84 +85 +86 +87 +88 +89 -102 +110 +95 +126 -90 -100 -104 +112 -120 +108 +105 -107 -121 +128 -103 -94 -111 +113 +125 -124 +109 +118 +92 -93 -96 +106 -98 +127 +123 -117 -116 -91 +114 -122 -119 +99 -115 -97 -101)
(+1 +2 +3 +4 +5 +6 +7 +8 +9 +10 +11 +12 +13 +14 +15 +16 +17 +18 +19 +20 +21 +22 +23 +24 +25 +26 +27 +28 +29 +30 +31 +32 +33 +34 +35 +36 +37 +38 +39 +40 +41 +42 +43 +44 +45 +46 +47 +48 +49 +50 +51 +52 +53 +54 +55 +56 +57 +58 +59 +60 +61 +62 +63 +64 +65 +66 +67 +68 +69 +70 +71 +72 +73 +74 +75 +76 +77 +78 +79 +80 +81 +82 +83 +84 +85 +86 +87 +88 +89 +90 -126 -95 -110 +102 -100 -104 +112 -120 +108 +105 -107 -121 +128 -103 -94 -111 +113 +125 -124 +109 +118 +92 -93 -96 +106 -98 +127 +123 -117 -116 -91 +114 -122 -119 +99 -115 -97 -101)
(+1 +2 +3 +4 +5 +6 +7 +8 +9 +10 +11 +12 +13 +14 +15 +16 +17 +18 +19 +20 +21 +22 +23 +24 +25 +26 +27 +28 +29 +30 +31 +32 +33 +34 +35 +36 +37 +38 +39 +40 +41 +42 +43 +44 +45 +46 +47 +48 +49 +50 +51 +52 +53 +54 +55 +56 +57 +58 +59 +60 +61 +62 +63 +64 +65 +66 +67 +68 +69 +70 +71 +72 +73 +74 +75 +76 +77 +78 +79 +80 +81 +82 +83 +84 +85 +86 +87 +88 +89 +90 +91 +116 +117 -123 -127 +98 -106 +96 +93 -92 -118 -109 +124 -125 -113 +111 +94 +103 -128 +121 +107 -105 -108 +120 -112 +104 +100 -102 +110 +95 +126 +114 -122 -119 +99 -115 -97 -101)
(+1 +2 +3 +4 +5 +6 +7 +8 +9 +10 +11 +12 +13 +14 +15 +16 +17 +18 +19 +20 +21 +22 +23 +24 +25 +26 +27 +28 +29 +30 +31 +32 +33 +34 +35 +36 +37 +38 +39 +40 +41 +42 +43 +44 +45 +46 +47 +48 +49 +50 +51 +52 +53 +54 +55 +56 +57 +58 +59 +60 +61 +62 +63 +64 +65 +66 +67 +68 +69 +70 +71 +72 +73 +74 +75 +76 +77 +78 +79 +80 +81 +82 +83 +84 +85 +86 +87 +88 +89 +90 +91 +92 -93 -96 +106 -98 +127 +123 -117 -116 -118 -109 +124 -125 -113 +111 +94 +103 -128 +121 +107 -105 -108 +120 -112 +104 +100 -102 +110 +95 +126 +114 -122 -119 +99 -115 -97 -101)
(+1 +2 +3 +4 +5 +6 +7 +8 +9 +10 +11 +12 +13 +14 +15 +16 +17 +18 +19 +20 +21 +22 +23 +24 +25 +26 +27 +28 +29 +30 +31 +32 +33 +34 +35 +36 +37 +38 +39 +40 +41 +42 +43 +44 +45 +46 +47 +48 +49 +50 +51 +52 +53 +54 +55 +56 +57 +58 +59 +60 +61 +62 +63 +64 +65 +66 +67 +68 +69 +70 +71 +72 +73 +74 +75 +76 +77 +78 +79 +80 +81 +82 +83 +84 +85 +86 +87 +88 +89 +90 +91 +92 +93 -96 +106 -98 +127 +123 -117 -116 -118 -109 +124 -125 -113 +111 +94 +103 -128 +121 +107 -105 -108 +120 -112 +104 +100 -102 +110 +95 +126 +114 -122 -119 +99 -115 -97 -101)
(+1 +2 +3 +4 +5 +6 +7 +8 +9 +10 +11 +12 +13 +14 +15 +16 +17 +18 +19 +20 +21 +22 +23 +24 +25 +26 +27 +28 +29 +30 +31 +32 +33 +34 +35 +36 +37 +38 +39 +40 +41 +42 +43 +44 +45 +46 +47 +48 +49 +50 +51 +52 +53 +54 +55 +56 +57 +58 +59 +60 +61 +62 +63 +64 +65 +66 +67 +68 +69 +70 +71 +72 +73 +74 +75 +76 +77 +78 +79 +80 +81 +82 +83 +84 +85 +86 +87 +88 +89 +90 +91 +92 +93 -94 -111 +113 +125 -124 +109 +118 +116 +117 -123 -127 +98 -106 +96 +103 -128 +121 +107 -105 -108 +120 -112 +104 +100 -102 +110 +95 +126 +114 -122 -119 +99 -115 -97 -101)
(+1 +2 +3 +4 +5 +6 +7 +8 +9 +10 +11 +12 +13 +14 +15 +16 +17 +18 +19 +20 +21 +22 +23 +24 +25 +26 +27 +28 +29 +30 +31 +32 +33 +34 +35 +36 +37 +38 +39 +40 +41 +42 +43 +44 +45 +46 +47 +48 +49 +50 +51 +52 +53 +54 +55 +56 +57 +58 +59 +60 +61 +62 +63 +64 +65 +66 +67 +68 +69 +70 +71 +72 +73 +74 +75 +76 +77 +78 +79 +80 +81 +82 +83 +84 +85 +86 +87 +88 +89 +90 +91 +92 +93 +94 -111 +113 +125 -124 +109 +118 +116 +117 -123 -127 +98 -106 +96 +103 -128 +121 +107 -105 -108 +120 -112 +104 +100 -102 +110 +95 +126 +114 -122 -119 +99 -115 -97 -101)
(+1 +2 +3 +4 +5 +6 +7 +8 +9 +10 +11 +12 +13 +14 +15 +16 +17 +18 +19 +20 +21 +22 +23 +24 +25 +26 +27 +28 +29 +30 +31 +32 +33 +34 +35 +36 +37 +38 +39 +40 +41 +42 +43 +44 +45 +46 +47 +48 +49 +50 +51 +52 +53 +54 +55 +56 +57 +58 +59 +60 +61 +62 +63 +64 +65 +66 +67 +68 +69 +70 +71 +72 +73 +74 +75 +76 +77 +78 +79 +80 +81 +82 +83 +84 +85 +86 +87 +88 +89 +90 +91 +92 +93 +94 -95 -110 +102 -100 -104 +112 -120 +108 +105 -107 -121 +128 -103 -96 +106 -98 +127 +123 -117 -116 -118 -109 +124 -125 -113 +111 +126 +114 -122 -119 +99 -115 -97 -101)
(+1 +2 +3 +4 +5 +6 +7 +8 +9 +10 +11 +12 +13 +14 +15 +16 +17 +18 +19 +20 +21 +22 +23 +24 +25 +26 +27 +28 +29 +30 +31 +32 +33 +34 +35 +36 +37 +38 +39 +40 +41 +42 +43 +44 +45 +46 +47 +48 +49 +50 +51 +52 +53 +54 +55 +56 +57 +58 +59 +60 +61 +62 +63 +64 +65 +66 +67 +68 +69 +70 +71 +72 +73 +74 +75 +76 +77 +78 +79 +80 +81 +82 +83 +84 +85 +86 +87 +88 +89 +90 +91 +92 +93 +94 +95 -110 +102 -100 -104 +112 -120 +108 +105 -107 -121 +128 -103 -96 +106 -98 +127 +123 -117 -116 -118 -109 +124 -125 -113 +111 +126 +114 -122 -119 +99 -115 -97 -101)
(+1 +2 +3 +4 +5 +6 +7 +8 +9 +10 +11 +12 +13 +14 +15 +16 +17 +18 +19 +20 +21 +22 +23 +24 +25 +26 +27 +28 +29 +30 +31 +32 +33 +34 +35 +36 +37 +38 +39 +40 +41 +42 +43 +44 +45 +46 +47 +48 +49 +50 +51 +52 +53 +54 +55 +56 +57 +58 +59 +60 +61 +62 +63 +64 +65 +66 +67 +68 +69 +70 +71 +72 +73 +74 +75 +76 +77 +78 +79 +80 +81 +82 +83 +84 +85 +86 +87 +88 +89 +90 +91 +92 +93 +94 +95 +96 +103 -128 +121 +107 -105 -108 +120 -112 +104 +100 -102 +110 +106 -98 +127 +123 -117 -116 -118 -109 +124 -125 -113 +111 +126 +114 -122 -119 +99 -115 -97 -101)
(+1 +2 +3 +4 +5 +6 +7 +8 +9 +10 +11 +12 +13 +14 +15 +16 +17 +18 +19 +20 +21 +22 +23 +24 +25 +26 +27 +28 +29 +30 +31 +32 +33 +34 +35 +36 +37 +38 +39 +40 +41 +42 +43 +44 +45 +46 +47 +48 +49 +50 +51 +52 +53 +54 +55 +56 +57 +58 +59 +60 +61 +62 +63 +64 +65 +66 +67 +68 +69 +70 +71 +72 +73 +74 +75 +76 +77 +78 +79 +80 +81 +82 +83 +84 +85 +86 +87 +88 +89 +90 +91 +92 +93 +94 +95 +96 +97 +115 -99 +119 +122 -114 -126 -111 +113 +125 -124 +109 +118 +116 +117 -123 -127 +98 -106 -110 +102 -100 -104 +112 -120 +108 +105 -107 -121 +128 -103 -101)
(+1 +2 +3 +4 +5 +6 +7 +8 +9 +10 +11 +12 +13 +14 +15 +16 +17 +18 +19 +20 +21 +22 +23 +24 +25 +26 +27 +28 +29 +30 +31 +32 +33 +34 +35 +36 +37 +38 +39 +40 +41 +42 +43 +44 +45 +46 +47 +48 +49 +50 +51 +52 +53 +54 +55 +56 +57 +58 +59 +60 +61 +62 +63 +64 +65 +66 +67 +68 +69 +70 +71 +72 +73 +74 +75 +76 +77 +78 +79 +80 +81 +82 +83 +84 +85 +86 +87 +88 +89 +90 +91 +92 +93 +94 +95 +96 +97 -98 +127 +123 -117 -116 -118 -109 +124 -125 -113 +111 +126 +114 -122 -119 +99 -115 -106 -110 +102 -100 -104 +112 -120 +108 +105 -107 -121 +128 -103 -101)
(+1 +2 +3 +4 +5 +6 +7 +8 +9 +10 +11 +12 +13 +14 +15 +16 +17 +18 +19 +20 +21 +22 +23 +24 +25 +26 +27 +28 +29 +30 +31 +32 +33 +34 +35 +36 +37 +38 +39 +40 +41 +42 +43 +44 +45 +46 +47 +48 +49 +50 +51 +52 +53 +54 +55 +56 +57 +58 +59 +60 +61 +62 +63 +64 +65 +66 +67 +68 +69 +70 +71 +72 +73 +74 +75 +76 +77 +78 +79 +80 +81 +82 +83 +84 +85 +86 +87 +88 +89 +90 +91 +92 +93 +94 +95 +96 +97 +98 +127 +123 -117 -116 -118 -109 +124 -125 -113 +111 +126 +114 -122 -119 +99 -115 -106 -110 +102 -100 -104 +112 -120 +108 +105 -107 -121 +128 -103 -101)
(+1 +2 +3 +4 +5 +6 +7 +8 +9 +10 +11 +12 +13 +14 +15 +16 +17 +18 +19 +20 +21 +22 +23 +24 +25 +26 +27 +28 +29 +30 +31 +32 +33 +34 +35 +36 +37 +38 +39 +40 +41 +42 +43 +44 +45 +46 +47 +48 +49 +50 +51 +52 +53 +54 +55 +56 +57 +58 +59 +60 +61 +62 +63 +64 +65 +66 +67 +68 +69 +70 +71 +72 +73 +74 +75 +76 +77 +78 +79 +80 +81 +82 +83 +84 +85 +86 +87 +88 +89 +90 +91 +92 +93 +94 +95 +96 +97 +98 -99 +119 +122 -114 -126 -111 +113 +125 -124 +109 +118 +116 +117 -123 -127 -115 -106 -110 +102 -100 -104 +112 -120 +108 +105 -107 -121 +128 -103 -101)
(+1 +2 +3 +4 +5 +6 +7 +8 +9 +10 +11 +12 +13 +14 +15 +16 +17 +18 +19 +20 +21 +22 +23 +24 +25 +26 +27 +28 +29 +30 +31 +32 +33 +34 +35 +36 +37 +38 +39 +40 +41 +42 +43 +44 +45 +46 +47 +48 +49 +50 +51 +52 +53 +54 +55 +56 +57 +58 +59 +60 +61 +62 +63 +64 +65 +66 +67 +68 +69 +70 +71 +72 +73 +74 +75 +76 +77 +78 +79 +80 +81 +82 +83 +84 +85 +86 +87 +88 +89 +90 +91 +92 +93 +94 +95 +96 +97 +98 +99 +119 +122 -114 -126 -111 +113 +125 -124 +109 +118 +116 +117 -123 -127 -115 -106 -110 +102 -100 -104 +112 -120 +108 +105 -107 -121 +128 -103 -101)
(+1 +2 +3 +4 +5 +6 +7 +8 +9 +10 +11 +12 +13 +14 +15 +16 +17 +18 +19 +20 +21 +22 +23 +24 +25 +26 +27 +28 +29 +30 +31 +32 +33 +34 +35 +36 +37 +38 +39 +40 +41 +42 +43 +44 +45 +46 +47 +48 +49 +50 +51 +52 +53 +54 +55 +56 +57 +58 +59 +60 +61 +62 +63 +64 +65 +66 +67 +68 +69 +70 +71 +72 +73 +74 +75 +76 +77 +78 +79 +80 +81 +82 +83 +84 +85 +86 +87 +88 +89 +90 +91 +92 +93 +94 +95 +96 +97 +98 +99 +100 -102 +110 +106 +115 +127 +123 -117 -116 -118 -109 +124 -125 -113 +111 +126 +114 -122 -119 -104 +112 -120 +108 +105 -107 -121 +128 -103 -101)
(+1 +2 +3 +4 +5 +6 +7 +8 +9 +10 +11 +12 +13 +14 +15 +16 +17 +18 +19 +20 +21 +22 +23 +24 +25 +26 +27 +28 +29 +30 +31 +32 +33 +34 +35 +36 +37 +38 +39 +40 +41 +42 +43 +44 +45 +46 +47 +48 +49 +50 +51 +52 +53 +54 +55 +56 +57 +58 +59 +60 +61 +62 +63 +64 +65 +66 +67 +68 +69 +70 +71 +72 +73 +74 +75 +76 +77 +78 +79 +80 +81 +82 +83 +84 +85 +86 +87 +88 +89 +90 +91 +92 +93 +94 +95 +96 +97 +98 +99 +100 +101 +103 -128 +121 +107 -105 -108 +120 -112 +104 +119 +122 -114 -126 -111 +113 +125 -124 +109 +118 +116 +117 -123 -127 -115 -106 -110 +102)
(+1 +2 +3 +4 +5 +6 +7 +8 +9 +10 +11 +12 +13 +14 +15 +16 +17 +18 +19 +20 +21 +22 +23 +24 +25 +26 +27 +28 +29 +30 +31 +32 +33 +34 +35 +36 +37 +38 +39 +40 +41 +42 +43 +44 +45 +46 +47 +48 +49 +50 +51 +52 +53 +54 +55 +56 +57 +58 +59 +60 +61 +62 +63 +64 +65 +66 +67 +68 +69 +70 +71 +72 +73 +74 +75 +76 +77 +78 +79 +80 +81 +82 +83 +84 +85 +86 +87 +88 +89 +90 +91 +92 +93 +94 +95 +96 +97 +98 +99 +100 +101 -102 +110 +106 +115 +127 +123 -117 -116 -118 -109 +124 -125 -113 +111 +126 +114 -122 -119 -104 +112 -120 +108 +105 -107 -121 +128 -103)
(+1 +2 +3 +4 +5 +6 +7 +8 +9 +10 +11 +12 +13 +14 +15 +16 +17 +18 +19 +20 +21 +22 +23 +24 +25 +26 +27 +28 +29 +30 +31 +32 +33 +34 +35 +36 +37 +38 +39 +40 +41 +42 +43 +44 +45 +46 +47 +48 +49 +50 +51 +52 +53 +54 +55 +56 +57 +58 +59 +60 +61 +62 +63 +64 +65 +66 +67 +68 +69 +70 +71 +72 +73 +74 +75 +76 +77 +78 +79 +80 +81 +82 +83 +84 +85 +86 +87 +88 +89 +90 +91 +92 +93 +94 +95 +96 +97 +98 +99 +100 +101 +102 +110 +106 +115 +127 +123 -117 -116 -118 -109 +124 -125 -113 +111 +126 +114 -122 -119 -104 +112 -120 +108 +105 -107 -121 +128 -103)
(+1 +2 +3 +4 +5 +6 +7 +8 +9 +10 +11 +12 +13 +14 +15 +16 +17 +18 +19 +20 +21 +22 +23 +24 +25 +26 +27 +28 +29 +30 +31 +32 +33 +34 +35 +36 +37 +38 +39 +40 +41 +42 +43 +44 +45 +46 +47 +48 +49 +50 +51 +52 +53 +54 +55 +56 +57 +58 +59 +60 +61 +62 +63 +64 +65 +66 +67 +68 +69 +70 +71 +72 +73 +74 +75 +76 +77 +78 +79 +80 +81 +82 +83 +84 +85 +86 +87 +88 +89 +90 +91 +92 +93 +94 +95 +96 +97 +98 +99 +100 +101 +102 +103 -128 +121 +107 -105 -108 +120 -112 +104 +119 +122 -114 -126 -111 +113 +125 -124 +109 +118 +116 +117 -123 -127 -115 -106 -110)
(+1 +2 +3 +4 +5 +6 +7 +8 +9 +10 +11 +12 +13 +14 +15 +16 +17 +18 +19 +20 +21 +22 +23 +24 +25 +26 +27 +28 +29 +30 +31 +32 +33 +34 +35 +36 +37 +38 +39 +40 +41 +42 +43 +44 +45 +46 +47 +48 +49 +50 +51 +52 +53 +54 +55 +56 +57 +58 +59 +60 +61 +62 +63 +64 +65 +66 +67 +68 +69 +70 +71 +72 +73 +74 +75 +76 +77 +78 +79 +80 +81 +82 +83 +84 +85 +86 +87 +88 +89 +90 +91 +92 +93 +94 +95 +96 +97 +98 +99 +100 +101 +102 +103 -104 +112 -120 +108 +105 -107 -121 +128 +119 +122 -114 -126 -111 +113 +125 -124 +109 +118 +116 +117 -123 -127 -115 -106 -110)
(+1 +2 +3 +4 +5 +6 +7 +8 +9 +10 +11 +12 +13 +14 +15 +16 +17 +18 +19 +20 +21 +22 +23 +24 +25 +26 +27 +28 +29 +30 +31 +32 +33 +34 +35 +36 +37 +38 +39 +40 +41 +42 +43 +44 +45 +46 +47 +48 +49 +50 +51 +52 +53 +54 +55 +56 +57 +58 +59 +60 +61 +62 +63 +64 +65 +66 +67 +68 +69 +70 +71 +72 +73 +74 +75 +76 +77 +78 +79 +80 +81 +82 +83 +84 +85 +86 +87 +88 +89 +90 +91 +92 +93 +94 +95 +96 +97 +98 +99 +100 +101 +102 +103 +104 +112 -120 +108 +105 -107 -121 +128 +119 +122 -114 -126 -111 +113 +125 -124 +109 +118 +116 +117 -123 -127 -115 -106 -110)
(+1 +2 +3 +4 +5 +6 +7 +8 +9 +10 +11 +12 +13 +14 +15 +16 +17 +18 +19 +20 +21 +22 +23 +24 +25 +26 +27 +28 +29 +30 +31 +32 +33 +34 +35 +36 +37 +38 +39 +40 +41 +42 +43 +44 +45 +46 +47 +48 +49 +50 +51 +52 +53 +54 +55 +56 +57 +58 +59 +60 +61 +62 +63 +64 +65 +66 +67 +68 +69 +70 +71 +72 +73 +74 +75 +76 +77 +78 +79 +80 +81 +82 +83 +84 +85 +86 +87 +88 +89 +90 +91 +92 +93 +94 +95 +96 +97 +98 +99 +100 +101 +102 +103 +104 -105 -108 +120 -112 -107 -121 +128 +119 +122 -114 -126 -111 +113 +125 -124 +109 +118 +116 +117 -123 -127 -115 -106 -110)
(+1 +2 +3 +4 +5 +6 +7 +8 +9 +10 +11 +12 +13 +14 +15 +16 +17 +18 +19 +20 +21 +22 +23 +24 +25 +26 +27 +28 +29 +30 +31 +32 +33 +34 +35 +36 +37 +38 +39 +40 +41 +42 +43 +44 +45 +46 +47 +48 +49 +50 +51 +52 +53 +54 +55 +56 +57 +58 +59 +60 +61 +62 +63 +64 +65 +66 +67 +68 +69 +70 +71 +72 +73 +74 +75 +76 +77 +78 +79 +80 +81 +82 +83 +84 +85 +86 +87 +88 +89 +90 +91 +92 +93 +94 +95 +96 +97 +98 +99 +100 +101 +102 +103 +104 +105 -108 +120 -112 -107 -121 +128 +119 +122 -114 -126 -111 +113 +125 -124 +109 +118 +116 +117 -123 -127 -115 -106 -110)
(+1 +2 +3 +4 +5 +6 +7 +8 +9 +10 +11 +12 +13 +14 +15 +16 +17 +18 +19 +20 +21 +22 +23 +24 +25 +26 +27 +28 +29 +30 +31 +32 +33 +34 +35 +36 +37 +38 +39 +40 +41 +42 +43 +44 +45 +46 +47 +48 +49 +50 +51 +52 +53 +54 +55 +56 +57 +58 +59 +60 +61 +62 +63 +64 +65 +66 +67 +68 +69 +70 +71 +72 +73 +74 +75 +76 +77 +78 +79 +80 +81 +82 +83 +84 +85 +86 +87 +88 +89 +90 +91 +92 +93 +94 +95 +96 +97 +98 +99 +100 +101 +102 +103 +104 +105 +106 +115 +127 +123 -117 -116 -118 -109 +124 -125 -113 +111 +126 +114 -122 -119 -128 +121 +107 +112 -120 +108 -110)
(+1 +2 +3 +4 +5 +6 +7 +8 +9 +10 +11 +12 +13 +14 +15 +16 +17 +18 +19 +20 +21 +22 +23 +24 +25 +26 +27 +28 +29 +30 +31 +32 +33 +34 +35 +36 +37 +38 +39 +40 +41 +42 +43 +44 +45 +46 +47 +48 +49 +50 +51 +52 +53 +54 +55 +56 +57 +58 +59 +60 +61 +62 +63 +64 +65 +66 +67 +68 +69 +70 +71 +72 +73 +74 +75 +76 +77 +78 +79 +80 +81 +82 +83 +84 +85 +86 +87 +88 +89 +90 +91 +92 +93 +94 +95 +96 +97 +98 +99 +100 +101 +102 +103 +104 +105 +106 -107 -121 +128 +119 +122 -114 -126 -111 +113 +125 -124 +109 +118 +116 +117 -123 -127 -115 +112 -120 +108 -110)
(+1 +2 +3 +4 +5 +6 +7 +8 +9 +10 +11 +12 +13 +14 +15 +16 +17 +18 +19 +20 +21 +22 +23 +24 +25 +26 +27 +28 +29 +30 +31 +32 +33 +34 +35 +36 +37 +38 +39 +40 +41 +42 +43 +44 +45 +46 +47 +48 +49 +50 +51 +52 +53 +54 +55 +56 +57 +58 +59 +60 +61 +62 +63 +64 +65 +66 +67 +68 +69 +70 +71 +72 +73 +74 +75 +76 +77 +78 +79 +80 +81 +82 +83 +84 +85 +86 +87 +88 +89 +90 +91 +92 +93 +94 +95 +96 +97 +98 +99 +100 +101 +102 +103 +104 +105 +106 +107 -121 +128 +119 +122 -114 -126 -111 +113 +125 -124 +109 +118 +116 +117 -123 -127 -115 +112 -120 +108 -110)
(+1 +2 +3 +4 +5 +6 +7 +8 +9 +10 +11 +12 +13 +14 +15 +16 +17 +18 +19 +20 +21 +22 +23 +24 +25 +26 +27 +28 +29 +30 +31 +32 +33 +34 +35 +36 +37 +38 +39 +40 +41 +42 +43 +44 +45 +46 +47 +48 +49 +50 +51 +52 +53 +54 +55 +56 +57 +58 +59 +60 +61 +62 +63 +64 +65 +66 +67 +68 +69 +70 +71 +72 +73 +74 +75 +76 +77 +78 +79 +80 +81 +82 +83 +84 +85 +86 +87 +88 +89 +90 +91 +92 +93 +94 +95 +96 +97 +98 +99 +100 +101 +102 +103 +104 +105 +106 +107 -108 +120 -112 +115 +127 +123 -117 -116 -118 -109 +124 -125 -113 +111 +126 +114 -122 -119 -128 +121 -110)
(+1 +2 +3 +4 +5 +6 +7 +8 +9 +10 +11 +12 +13 +14 +15 +16 +17 +18 +19 +20 +21 +22 +23 +24 +25 +26 +27 +28 +29 +30 +31 +32 +33 +34 +35 +36 +37 +38 +39 +40 +41 +42 +43 +44 +45 +46 +47 +48 +49 +50 +51 +52 +53 +54 +55 +56 +57 +58 +59 +60 +61 +62 +63 +64 +65 +66 +67 +68 +69 +70 +71 +72 +73 +74 +75 +76 +77 +78 +79 +80 +81 +82 +83 +84 +85 +86 +87 +88 +89 +90 +91 +92 +93 +94 +95 +96 +97 +98 +99 +100 +101 +102 +103 +104 +105 +106 +107 +108 +120 -112 +115 +127 +123 -117 -116 -118 -109 +124 -125 -113 +111 +126 +114 -122 -119 -128 +121 -110)
(+1 +2 +3 +4 +5 +6 +7 +8 +9 +10 +11 +12 +13 +14 +15 +16 +17 +18 +19 +20 +21 +22 +23 +24 +25 +26 +27 +28 +29 +30 +31 +32 +33 +34 +35 +36 +37 +38 +39 +40 +41 +42 +43 +44 +45 +46 +47 +48 +49 +50 +51 +52 +53 +54 +55 +56 +57 +58 +59 +60 +61 +62 +63 +64 +65 +66 +67 +68 +69 +70 +71 +72 +73 +74 +75 +76 +77 +78 +79 +80 +81 +82 +83 +84 +85 +86 +87 +88 +89 +90 +91 +92 +93 +94 +95 +96 +97 +98 +99 +100 +101 +102 +103 +104 +105 +106 +107 +108 +109 +118 +116 +117 -123 -127 -115 +112 -120 +124 -125 -113 +111 +126 +114 -122 -119 -128 +121 -110)
(+1 +2 +3 +4 +5 +6 +7 +8 +9 +10 +11 +12 +13 +14 +15 +16 +17 +18 +19 +20 +21 +22 +23 +24 +25 +26 +27 +28 +29 +30 +31 +32 +33 +34 +35 +36 +37 +38 +39 +40 +41 +42 +43 +44 +45 +46 +47 +48 +49 +50 +51 +52 +53 +54 +55 +56 +57 +58 +59 +60 +61 +62 +63 +64 +65 +66 +67 +68 +69 +70 +71 +72 +73 +74 +75 +76 +77 +78 +79 +80 +81 +82 +83 +84 +85 +86 +87 +88 +89 +90 +91 +92 +93 +94 +95 +96 +97 +98 +99 +100 +101 +102 +103 +104 +105 +106 +107 +108 +109 +110 -121 +128 +119 +122 -114 -126 -111 +113 +125 -124 +120 -112 +115 +127 +123 -117 -116 -118)
(+1 +2 +3 +4 +5 +6 +7 +8 +9 +10 +11 +12 +13 +14 +15 +16 +17 +18 +19 +20 +21 +22 +23 +24 +25 +26 +27 +28 +29 +30 +31 +32 +33 +34 +35 +36 +37 +38 +39 +40 +41 +42 +43 +44 +45 +46 +47 +48 +49 +50 +51 +52 +53 +54 +55 +56 +57 +58 +59 +60 +61 +62 +63 +64 +65 +66 +67 +68 +69 +70 +71 +72 +73 +74 +75 +76 +77 +78 +79 +80 +81 +82 +83 +84 +85 +86 +87 +88 +89 +90 +91 +92 +93 +94 +95 +96 +97 +98 +99 +100 +101 +102 +103 +104 +105 +106 +107 +108 +109 +110 +111 +126 +114 -122 -119 -128 +121 +113 +125 -124 +120 -112 +115 +127 +123 -117 -116 -118)
(+1 +2 +3 +4 +5 +6 +7 +8 +9 +10 +11 +12 +13 +14 +15 +16 +17 +18 +19 +20 +21 +22 +23 +24 +25 +26 +27 +28 +29 +30 +31 +32 +33 +34 +35 +36 +37 +38 +39 +40 +41 +42 +43 +44 +45 +46 +47 +48 +49 +50 +51 +52 +53 +54 +55 +56 +57 +58 +59 +60 +61 +62 +63 +64 +65 +66 +67 +68 +69 +70 +71 +72 +73 +74 +75 +76 +77 +78 +79 +80 +81 +82 +83 +84 +85 +86 +87 +88 +89 +90 +91 +92 +93 +94 +95 +96 +97 +98 +99 +100 +101 +102 +103 +104 +105 +106 +107 +108 +109 +110 +111 +112 -120 +124 -125 -113 -121 +128 +119 +122 -114 -126 +115 +127 +123 -117 -116 -118)
(+1 +2 +3 +4 +5 +6 +7 +8 +9 +10 +11 +12 +13 +14 +15 +16 +17 +18 +19 +20 +21 +22 +23 +24 +25 +26 +27 +28 +29 +30 +31 +32 +33 +34 +35 +36 +37 +38 +39 +40 +41 +42 +43 +44 +45 +46 +47 +48 +49 +50 +51 +52 +53 +54 +55 +56 +57 +58 +59 +60 +61 +62 +63 +64 +65 +66 +67 +68 +69 +70 +71 +72 +73 +74 +75 +76 +77 +78 +79 +80 +81 +82 +83 +84 +85 +86 +87 +88 +89 +90 +91 +92 +93 +94 +95 +96 +97 +98 +99 +100 +101 +102 +103 +104 +105 +106 +107 +108 +109 +110 +111 +112 +113 +125 -124 +120 -121 +128 +119 +122 -114 -126 +115 +127 +123 -117 -116 -118)
(+1 +2 +3 +4 +5 +6 +7 +8 +9 +10 +11 +12 +13 +14 +15 +16 +17 +18 +19 +20 +21 +22 +23 +24 +25 +26 +27 +28 +29 +30 +31 +32 +33 +34 +35 +36 +37 +38 +39 +40 +41 +42 +43 +44 +45 +46 +47 +48 +49 +50 +51 +52 +53 +54 +55 +56 +57 +58 +59 +60 +61 +62 +63 +64 +65 +66 +67 +68 +69 +70 +71 +72 +73 +74 +75 +76 +77 +78 +79 +80 +81 +82 +83 +84 +85 +86 +87 +88 +89 +90 +91 +92 +93 +94 +95 +96 +97 +98 +99 +100 +101 +102 +103 +104 +105 +106 +107 +108 +109 +110 +111 +112 +113 +114 -122 -119 -128 +121 -120 +124 -125 -126 +115 +127 +123 -117 -116 -118)
(+1 +2 +3 +4 +5 +6 +7 +8 +9 +10 +11 +12 +13 +14 +15 +16 +17 +18 +19 +20 +21 +22 +23 +24 +25 +26 +27 +28 +29 +30 +31 +32 +33 +34 +35 +36 +37 +38 +39 +40 +41 +42 +43 +44 +45 +46 +47 +48 +49 +50 +51 +52 +53 +54 +55 +56 +57 +58 +59 +60 +61 +62 +63 +64 +65 +66 +67 +68 +69 +70 +71 +72 +73 +74 +75 +76 +77 +78 +79 +80 +81 +82 +83 +84 +85 +86 +87 +88 +89 +90 +91 +92 +93 +94 +95 +96 +97 +98 +99 +100 +101 +102 +103 +104 +105 +106 +107 +108 +109 +110 +111 +112 +113 +114 -115 +126 +125 -124 +120 -121 +128 +119 +122 +127 +123 -117 -116 -118)
(+1 +2 +3 +4 +5 +6 +7 +8 +9 +10 +11 +12 +13 +14 +15 +16 +17 +18 +19 +20 +21 +22 +23 +24 +25 +26 +27 +28 +29 +30 +31 +32 +33 +34 +35 +36 +37 +38 +39 +40 +41 +42 +43 +44 +45 +46 +47 +48 +49 +50 +51 +52 +53 +54 +55 +56 +57 +58 +59 +60 +61 +62 +63 +64 +65 +66 +67 +68 +69 +70 +71 +72 +73 +74 +75 +76 +77 +78 +79 +80 +81 +82 +83 +84 +85 +86 +87 +88 +89 +90 +91 +92 +93 +94 +95 +96 +97 +98 +99 +100 +101 +102 +103 +104 +105 +106 +107 +108 +109 +110 +111 +112 +113 +114 +115 +126 +125 -124 +120 -121 +128 +119 +122 +127 +123 -117 -116 -118)
(+1 +2 +3 +4 +5 +6 +7 +8 +9 +10 +11 +12 +13 +14 +15 +16 +17 +18 +19 +20 +21 +22 +23 +24 +25 +26 +27 +28 +29 +30 +31 +32 +33 +34 +35 +36 +37 +38 +39 +40 +41 +42 +43 +44 +45 +46 +47 +48 +49 +50 +51 +52 +53 +54 +55 +56 +57 +58 +59 +60 +61 +62 +63 +64 +65 +66 +67 +68 +69 +70 +71 +72 +73 +74 +75 +76 +77 +78 +79 +80 +81 +82 +83 +84 +85 +86 +87 +88 +89 +90 +91 +92 +93 +94 +95 +96 +97 +98 +99 +100 +101 +102 +103 +104 +105 +106 +107 +108 +109 +110 +111 +112 +113 +114 +115 +116 +117 -123 -127 -122 -119 -128 +121 -120 +124 -125 -126 -118)
(+1 +2 +3 +4 +5 +6 +7 +8 +9 +10 +11 +12 +13 +14 +15 +16 +17 +18 +19 +20 +21 +22 +23 +24 +25 +26 +27 +28 +29 +30 +31 +32 +33 +34 +35 +36 +37 +38 +39 +40 +41 +42 +43 +44 +45 +46 +47 +48 +49 +50 +51 +52 +53 +54 +55 +56 +57 +58 +59 +60 +61 +62 +63 +64 +65 +66 +67 +68 +69 +70 +71 +72 +73 +74 +75 +76 +77 +78 +79 +80 +81 +82 +83 +84 +85 +86 +87 +88 +89 +90 +91 +92 +93 +94 +95 +96 +97 +98 +99 +100 +101 +102 +103 +104 +105 +106 +107 +108 +109 +110 +111 +112 +113 +114 +115 +116 +117 +118 +126 +125 -124 +120 -121 +128 +119 +122 +127 +123)
(+1 +2 +3 +4 +5 +6 +7 +8 +9 +10 +11 +12 +13 +14 +15 +16 +17 +18 +19 +20 +21 +22 +23 +24 +25 +26 +27 +28 +29 +30 +31 +32 +33 +34 +35 +36 +37 +38 +39 +40 +41 +42 +43 +44 +45 +46 +47 +48 +49 +50 +51 +52 +53 +54 +55 +56 +57 +58 +59 +60 +61 +62 +63 +64 +65 +66 +67 +68 +69 +70 +71 +72 +73 +74 +75 +76 +77 +78 +79 +80 +81 +82 +83 +84 +85 +86 +87 +88 +89 +90 +91 +92 +93 +94 +95 +96 +97 +98 +99 +100 +101 +102 +103 +104 +105 +106 +107 +108 +109 +110 +111 +112 +113 +114 +115 +116 +117 +118 -119 -128 +121 -120 +124 -125 -126 +122 +127 +123)
(+1 +2 +3 +4 +5 +6 +7 +8 +9 +10 +11 +12 +13 +14 +15 +16 +17 +18 +19 +20 +21 +22 +23 +24 +25 +26 +27 +28 +29 +30 +31 +32 +33 +34 +35 +36 +37 +38 +39 +40 +41 +42 +43 +44 +45 +46 +47 +48 +49 +50 +51 +52 +53 +54 +55 +56 +57 +58 +59 +60 +61 +62 +63 +64 +65 +66 +67 +68 +69 +70 +71 +72 +73 +74 +75 +76 +77 +78 +79 +80 +81 +82 +83 +84 +85 +86 +87 +88 +89 +90 +91 +92 +93 +94 +95 +96 +97 +98 +99 +100 +101 +102 +103 +104 +105 +106 +107 +108 +109 +110 +111 +112 +113 +114 +115 +116 +117 +118 +119 -128 +121 -120 +124 -125 -126 +122 +127 +123)
(+1 +2 +3 +4 +5 +6 +7 +8 +9 +10 +11 +12 +13 +14 +15 +16 +17 +18 +19 +20 +21 +22 +23 +24 +25 +26 +27 +28 +29 +30 +31 +32 +33 +34 +35 +36 +37 +38 +39 +40 +41 +42 +43 +44 +45 +46 +47 +48 +49 +50 +51 +52 +53 +54 +55 +56 +57 +58 +59 +60 +61 +62 +63 +64 +65 +66 +67 +68 +69 +70 +71 +72 +73 +74 +75 +76 +77 +78 +79 +80 +81 +82 +83 +84 +85 +86 +87 +88 +89 +90 +91 +92 +93 +94 +95 +96 +97 +98 +99 +100 +101 +102 +103 +104 +105 +106 +107 +108 +109 +110 +111 +112 +113 +114 +115 +116 +117 +118 +119 +120 -121 +128 +124 -125 -126 +122 +127 +123)
(+1 +2 +3 +4 +5 +6 +7 +8 +9 +10 +11 +12 +13 +14 +15 +16 +17 +18 +19 +20 +21 +22 +23 +24 +25 +26 +27 +28 +29 +30 +31 +32 +33 +34 +35 +36 +37 +38 +39 +40 +41 +42 +43 +44 +45 +46 +47 +48 +49 +50 +51 +52 +53 +54 +55 +56 +57 +58 +59 +60 +61 +62 +63 +64 +65 +66 +67 +68 +69 +70 +71 +72 +73 +74 +75 +76 +77 +78 +79 +80 +81 +82 +83 +84 +85 +86 +87 +88 +89 +90 +91 +92 +93 +94 +95 +96 +97 +98 +99 +100 +101 +102 +103 +104 +105 +106 +107 +108 +109 +110 +111 +112 +113 +114 +115 +116 +117 +118 +119 +120 +121 +128 +124 -125 -126 +122 +127 +123)
(+1 +2 +3 +4 +5 +6 +7 +8 +9 +10 +11 +12 +13 +14 +15 +16 +17 +18 +19 +20 +21 +22 +23 +24 +25 +26 +27 +28 +29 +30 +31 +32 +33 +34 +35 +36 +37 +38 +39 +40 +41 +42 +43 +44 +45 +46 +47 +48 +49 +50 +51 +52 +53 +54 +55 +56 +57 +58 +59 +60 +61 +62 +63 +64 +65 +66 +67 +68 +69 +70 +71 +72 +73 +74 +75 +76 +77 +78 +79 +80 +81 +82 +83 +84 +85 +86 +87 +88 +89 +90 +91 +92 +93 +94 +95 +96 +97 +98 +99 +100 +101 +102 +103 +104 +105 +106 +107 +108 +109 +110 +111 +112 +113 +114 +115 +116 +117 +118 +119 +120 +121 -122 +126 +125 -124 -128 +127 +123)
(+1 +2 +3 +4 +5 +6 +7 +8 +9 +10 +11 +12 +13 +14 +15 +16 +17 +18 +19 +20 +21 +22 +23 +24 +25 +26 +27 +28 +29 +30 +31 +32 +33 +34 +35 +36 +37 +38 +39 +40 +41 +42 +43 +44 +45 +46 +47 +48 +49 +50 +51 +52 +53 +54 +55 +56 +57 +58 +59 +60 +61 +62 +63 +64 +65 +66 +67 +68 +69 +70 +71 +72 +73 +74 +75 +76 +77 +78 +79 +80 +81 +82 +83 +84 +85 +86 +87 +88 +89 +90 +91 +92 +93 +94 +95 +96 +97 +98 +99 +100 +101 +102 +103 +104 +105 +106 +107 +108 +109 +110 +111 +112 +113 +114 +115 +116 +117 +118 +119 +120 +121 +122 +126 +125 -124 -128 +127 +123)
(+1 +2 +3 +4 +5 +6 +7 +8 +9 +10 +11 +12 +13 +14 +15 +16 +17 +18 +19 +20 +21 +22 +23 +24 +25 +26 +27 +28 +29 +30 +31 +32 +33 +34 +35 +36 +37 +38 +39 +40 +41 +42 +43 +44 +45 +46 +47 +48 +49 +50 +51 +52 +53 +54 +55 +56 +57 +58 +59 +60 +61 +62 +63 +64 +65 +66 +67 +68 +69 +70 +71 +72 +73 +74 +75 +76 +77 +78 +79 +80 +81 +82 +83 +84 +85 +86 +87 +88 +89 +90 +91 +92 +93 +94 +95 +96 +97 +98 +99 +100 +101 +102 +103 +104 +105 +106 +107 +108 +109 +110 +111 +112 +113 +114 +115 +116 +117 +118 +119 +120 +121 +122 -123 -127 +128 +124 -125 -126)
(+1 +2 +3 +4 +5 +6 +7 +8 +9 +10 +11 +12 +13 +14 +15 +16 +17 +18 +19 +20 +21 +22 +23 +24 +25 +26 +27 +28 +29 +30 +31 +32 +33 +34 +35 +36 +37 +38 +39 +40 +41 +42 +43 +44 +45 +46 +47 +48 +49 +50 +51 +52 +53 +54 +55 +56 +57 +58 +59 +60 +61 +62 +63 +64 +65 +66 +67 +68 +69 +70 +71 +72 +73 +74 +75 +76 +77 +78 +79 +80 +81 +82 +83 +84 +85 +86 +87 +88 +89 +90 +91 +92 +93 +94 +95 +96 +97 +98 +99 +100 +101 +102 +103 +104 +105 +106 +107 +108 +109 +110 +111 +112 +113 +114 +115 +116 +117 +118 +119 +120 +121 +122 +123 -127 +128 +124 -125 -126)
(+1 +2 +3 +4 +5 +6 +7 +8 +9 +10 +11 +12 +13 +14 +15 +16 +17 +18 +19 +20 +21 +22 +23 +24 +25 +26 +27 +28 +29 +30 +31 +32 +33 +34 +35 +36 +37 +38 +39 +40 +41 +42 +43 +44 +45 +46 +47 +48 +49 +50 +51 +52 +53 +54 +55 +56 +57 +58 +59 +60 +61 +62 +63 +64 +65 +66 +67 +68 +69 +70 +71 +72 +73 +74 +75 +76 +77 +78 +79 +80 +81 +82 +83 +84 +85 +86 +87 +88 +89 +90 +91 +92 +93 +94 +95 +96 +97 +98 +99 +100 +101 +102 +103 +104 +105 +106 +107 +108 +109 +110 +111 +112 +113 +114 +115 +116 +117 +118 +119 +120 +121 +122 +123 -124 -128 +127 -125 -126)
(+1 +2 +3 +4 +5 +6 +7 +8 +9 +10 +11 +12 +13 +14 +15 +16 +17 +18 +19 +20 +21 +22 +23 +24 +25 +26 +27 +28 +29 +30 +31 +32 +33 +34 +35 +36 +37 +38 +39 +40 +41 +42 +43 +44 +45 +46 +47 +48 +49 +50 +51 +52 +53 +54 +55 +56 +57 +58 +59 +60 +61 +62 +63 +64 +65 +66 +67 +68 +69 +70 +71 +72 +73 +74 +75 +76 +77 +78 +79 +80 +81 +82 +83 +84 +85 +86 +87 +88 +89 +90 +91 +92 +93 +94 +95 +96 +97 +98 +99 +100 +101 +102 +103 +104 +105 +106 +107 +108 +109 +110 +111 +112 +113 +114 +115 +116 +117 +118 +119 +120 +121 +122 +123 +124 -128 +127 -125 -126)
(+1 +2 +3 +4 +5 +6 +7 +8 +9 +10 +11 +12 +13 +14 +15 +16 +17 +18 +19 +20 +21 +22 +23 +24 +25 +26 +27 +28 +29 +30 +31 +32 +33 +34 +35 +36 +37 +38 +39 +40 +41 +42 +43 +44 +45 +46 +47 +48 +49 +50 +51 +52 +53 +54 +55 +56 +57 +58 +59 +60 +61 +62 +63 +64 +65 +66 +67 +68 +69 +70 +71 +72 +73 +74 +75 +76 +77 +78 +79 +80 +81 +82 +83 +84 +85 +86 +87 +88 +89 +90 +91 +92 +93 +94 +95 +96 +97 +98 +99 +100 +101 +102 +103 +104 +105 +106 +107 +108 +109 +110 +111 +112 +113 +114 +115 +116 +117 +118 +119 +120 +121 +122 +123 +124 +125 -127 +128 -126)
(+1 +2 +3 +4 +5 +6 +7 +8 +9 +10 +11 +12 +13 +14 +15 +16 +17 +18 +19 +20 +21 +22 +23 +24 +25 +26 +27 +28 +29 +30 +31 +32 +33 +34 +35 +36 +37 +38 +39 +40 +41 +42 +43 +44 +45 +46 +47 +48 +49 +50 +51 +52 +53 +54 +55 +56 +57 +58 +59 +60 +61 +62 +63 +64 +65 +66 +67 +68 +69 +70 +71 +72 +73 +74 +75 +76 +77 +78 +79 +80 +81 +82 +83 +84 +85 +86 +87 +88 +89 +90 +91 +92 +93 +94 +95 +96 +97 +98 +99 +100 +101 +102 +103 +104 +105 +106 +107 +108 +109 +110 +111 +112 +113 +114 +115 +116 +117 +118 +119 +120 +121 +122 +123 +124 +125 +126 -128 +127)
(+1 +2 +3 +4 +5 +6 +7 +8 +9 +10 +11 +12 +13 +14 +15 +16 +17 +18 +19 +20 +21 +22 +23 +24 +25 +26 +27 +28 +29 +30 +31 +32 +33 +34 +35 +36 +37 +38 +39 +40 +41 +42 +43 +44 +45 +46 +47 +48 +49 +50 +51 +52 +53 +54 +55 +56 +57 +58 +59 +60 +61 +62 +63 +64 +65 +66 +67 +68 +69 +70 +71 +72 +73 +74 +75 +76 +77 +78 +79 +80 +81 +82 +83 +84 +85 +86 +87 +88 +89 +90 +91 +92 +93 +94 +95 +96 +97 +98 +99 +100 +101 +102 +103 +104 +105 +106 +107 +108 +109 +110 +111 +112 +113 +114 +115 +116 +117 +118 +119 +120 +121 +122 +123 +124 +125 +126 -127 +128)
(+1 +2 +3 +4 +5 +6 +7 +8 +9 +10 +11 +12 +13 +14 +15 +16 +17 +18 +19 +20 +21 +22 +23 +24 +25 +26 +27 +28 +29 +30 +31 +32 +33 +34 +35 +36 +37 +38 +39 +40 +41 +42 +43 +44 +45 +46 +47 +48 +49 +50 +51 +52 +53 +54 +55 +56 +57 +58 +59 +60 +61 +62 +63 +64 +65 +66 +67 +68 +69 +70 +71 +72 +73 +74 +75 +76 +77 +78 +79 +80 +81 +82 +83 +84 +85 +86 +87 +88 +89 +90 +91 +92 +93 +94 +95 +96 +97 +98 +99 +100 +101 +102 +103 +104 +105 +106 +107 +108 +109 +110 +111 +112 +113 +114 +115 +116 +117 +118 +119 +120 +121 +122 +123 +124 +125 +126 +127 +128)
